debt roe np label
43.50 0.28 0.08 000505
39.35 -3.99 -0.69 000592
54.21 -6.17 -0.21 000702
32.08 -1.00 -0.31 000713
52.33 -7.44 -3.10 000735
71.57 20.91 1.02 000798
100.20 0.00 -0.16 000911
40.68 -1.62 -1.69 000930
59.12 -4.09 -2.73 000998
52.88 -14.32 -4.25 001201
15.79 1.34 0.50 002041
96.99 29.52 0.13 002069
55.56 -6.57 -4.41 002100
91.22 -96.76 -15.43 002124
53.46 -6.99 -7.36 002157
53.95 -5.53 -0.95 002234
23.07 3.62 0.82 002286
51.91 4.40 5.02 002299
54.62 6.47 16.11 002311
66.17 -3.17 -0.29 002321
69.89 -9.29 -6.77 002385
35.14 6.86 3.08 002458
44.77 1.36 0.33 002481
81.50 -37.44 -3.88 002548
66.98 3.08 1.13 002556
71.10 -24.85 -10.46 002567
61.93 -1.80 -0.14 002679
56.10 5.74 1.31 002688
54.18 -7.48 -60.78 002714
42.99 3.87 1.80 002746
53.97 5.34 1.91 002772
49.05 0.75 0.17 002852
90.08 10.91 0.07 002868
43.95 4.00 1.27 002891
60.94 -0.70 -0.12 002982
57.92 -2.45 -0.24 003030
71.72 -0.04 -0.01 300021
64.78 -3.34 -0.55 300087
95.19 10.01 0.10 300094
34.40 4.27 2.04 300119
64.06 5.15 1.79 300138
8.81 -2.71 -0.13 300175
39.85 -1.95 -0.13 300189
35.49 -1.39 -0.04 300268
82.04 12.09 0.04 300313
58.94 -11.13 -43.66 300498
56.55 1.10 0.18 300511
35.28 1.36 0.24 300673
43.80 -0.77 -0.72 300761
31.77 9.06 2.06 300871
52.33 0.24 0.02 300967
35.44 2.79 0.46 300970
56.24 2.36 22.94 300999
34.44 -1.33 -0.30 600097
58.92 0.58 0.25 600108
62.24 -1.44 -0.10 600127
23.78 2.12 0.36 600191
30.24 0.88 0.50 600195
16.49 1.92 1.04 600201
30.81 13.34 5.37 600251
46.37 2.08 0.17 600257
26.65 -0.00 -0.00 600265
37.16 2.23 0.53 600313
37.49 18.70 1.45 600354
55.55 2.81 0.19 600359
14.53 2.62 0.14 600371
49.13 0.87 0.30 600467
82.66 30.85 1.25 600540
39.52 -7.09 -5.37 600598
39.08 5.19 6.08 600737
52.00 0.19 0.02 600962
16.68 0.83 0.18 600965
84.17 -41.00 -7.36 600975
70.69 -1.31 -1.30 601118
46.48 2.04 1.44 601952
36.34 0.36 0.05 603336
62.08 -6.25 -1.90 603363
15.20 2.95 0.77 603566
57.70 -0.13 -0.08 603609
72.05 0.58 0.12 603668
7.78 4.33 1.23 605198
40.75 -17.89 -8.09 605296
9.85 -1.39 -0.19 688098
10.68 2.77 1.16 688526
68.85 2.18 0.34 301116
69.40 -30.32 -8.38 603477
52.06 1.86 0.48 001313
36.56 -2.11 -0.19 000663
66.40 -6.20 -0.83 002696
6.58 1.52 0.15 600883
18.84 5.00 0.57 603182
63.38 -0.03 -0.00 603151
21.09 1.43 0.51 001338
38.10 1.27 0.10 001366
31.42 4.06 1.91 301498
13.55 3.37 0.68 603231
60.52 16.75 7.65 002215
55.93 1.16 0.09 688156
63.65 -12.88 -4.89 000048
80.99 -14.60 -0.54 603717
70.70 -9.12 -17.02 000876
19.61 -3.84 -0.48 002086
38.06 2.22 1.12 000019
