growth margin cap label
-17.70 -3.81 42.1 000505
3.46 -15.57 168.1 000592
-9.41 -1.46 19.7 000702
-3.44 2.11 39.0 000713
-10.78 4.79 64.9 000735
3.65 3.26 36.5 000798
-14.08 -5.10 20.5 000911
-7.30 0.26 97.6 000930
-7.55 -11.39 30.5 000972
-4.13 1.28 114.1 000998
43.47 -7.52 31.2 001201
-15.74 9.90 87.5 002041
-12.72 -1.64 26.1 002069
-5.53 1.77 103.5 002100
-7.85 -15.17 40.8 002124
45.47 -5.11 227.4 002157
2.08 -12.04 23.4 002234
4.40 5.48 31.3 002286
4.26 6.90 191.3 002299
5.18 3.54 680.4 002311
21.25 -0.20 48.2 002321
-6.61 -1.68 106.4 002385
-4.32 5.48 78.2 002458
-7.08 1.50 46.5 002481
8.38 -6.17 30.7 002548
-7.88 1.34 47.4 002556
-5.21 -4.95 51.3 002567
0.36 5.74 27.3 002679
15.06 -0.38 38.7 002688
14.03 10.97 1327.9 002714
-0.08 4.97 43.9 002746
4.24 15.95 39.5 002772
-5.93 3.90 23.1 002852
0.94 -26.97 24.1 002868
18.04 7.63 89.6 002891
7.20 0.58 16.2 002982
17.04 0.57 21.9 003030
4.37 1.72 33.4 300021
4.67 -3.81 49.9 300087
-16.88 -51.65 32.1 300094
12.00 12.78 56.4 300119
-2.30 5.72 44.6 300138
15.09 -5.17 25.2 300175
-39.35 -28.96 16.0 300268
20.69 -13.08 24.4 300313
7.47 5.27 862.7 300498
-11.97 1.93 27.6 300511
1.32 8.06 23.8 300673
10.45 3.03 132.1 300761
28.40 15.08 42.2 300871
21.24 6.94 20.2 300967
13.88 9.23 21.8 300970
-1.28 1.38 133.2 300999
7.69 3.34 22.2 600097
2.91 1.35 80.4 600108
-20.17 0.10 105.8 600127
-0.62 9.38 43.9 600191
7.13 2.84 67.8 600195
-6.53 6.84 125.4 600201
-23.94 14.38 77.9 600251
-12.20 3.62 26.4 600257
-0.80 2.22 73.6 600313
0.13 11.91 50.3 600354
-6.08 -1.53 29.1 600359
-21.29 3.05 46.4 600371
-18.01 3.06 34.8 600467
76.06 -4.95 31.6 600540
1.81 22.32 222.0 600598
-10.52 3.61 315.5 600737
15.52 3.00 68.6 600962
5.41 5.03 22.0 600965
13.52 -12.41 63.5 600975
12.34 -0.74 277.3 601118
-9.02 5.57 125.5 601952
-1.56 1.76 62.7 603336
-34.00 1.06 60.1 603363
-6.72 16.97 35.3 603566
-0.29 -0.01 56.2 603609
-7.40 -2.88 61.6 603668
38.36 19.70 172.9 605198
17.27 6.33 156.9 605296
-2.22 -8.66 34.4 688098
-6.92 -1.51 40.9 301116
40.71 0.44 70.8 603477
-2.83 0.23 51.1 001313
-31.58 -29.29 18.6 000663
22.10 0.84 22.2 002696
-9.57 6.83 22.2 603182
86.05 1.74 31.4 603151
-9.93 6.03 45.7 001338
-2.65 -1.45 21.0 001366
25.07 9.96 75.2 301498
-0.01 10.85 18.2 603231
18.48 11.03 77.7 002215
4.07 -18.39 23.0 688156
-37.36 3.21 98.8 000048
4.03 -14.06 17.2 603717
-13.16 -1.64 311.4 000876
-9.76 -43.71 32.3 002086
-5.69 4.42 28.2 000019
