i j rho
0 0 1.0000
0 1 0.2256
0 2 0.0915
0 3 0.0827
0 4 0.2856
0 5 0.2556
0 6 0.0581
0 7 -0.0208
0 8 0.4773
0 9 0.1282
0 10 -0.1124
0 11 0.1565
0 12 0.1192
0 13 0.0035
0 14 0.0259
0 15 -0.1261
0 16 -0.1428
0 17 0.0524
0 18 0.0143
0 19 -0.0176
0 20 0.1269
0 21 0.0963
1 0 0.2256
1 1 1.0000
1 2 0.3254
1 3 0.2434
1 4 -0.0718
1 5 0.1703
1 6 0.2151
1 7 0.0838
1 8 0.2444
1 9 0.2915
1 10 0.2225
1 11 0.2102
1 12 0.1884
1 13 0.1136
1 14 0.2591
1 15 0.1480
1 16 0.0836
1 17 -0.0179
1 18 0.0489
1 19 0.0185
1 20 0.0000
1 21 0.0095
2 0 0.0915
2 1 0.3254
2 2 1.0000
2 3 0.7295
2 4 0.1808
2 5 0.4664
2 6 0.3593
2 7 0.1428
2 8 0.5730
2 9 0.3501
2 10 0.4519
2 11 0.3741
2 12 0.3563
2 13 0.2873
2 14 0.0898
2 15 0.2929
2 16 0.2686
2 17 -0.0923
2 18 -0.0934
2 19 0.1721
2 20 -0.1273
2 21 0.0907
3 0 0.0827
3 1 0.2434
3 2 0.7295
3 3 1.0000
3 4 0.1490
3 5 0.4486
3 6 0.1278
3 7 0.2416
3 8 0.4532
3 9 0.2494
3 10 0.2893
3 11 0.3744
3 12 0.3528
3 13 0.3864
3 14 0.2282
3 15 0.3621
3 16 0.3860
3 17 -0.1054
3 18 -0.0129
3 19 0.2852
3 20 -0.0972
3 21 -0.0840
4 0 0.2856
4 1 -0.0718
4 2 0.1808
4 3 0.1490
4 4 1.0000
4 5 0.3085
4 6 0.2936
4 7 -0.1335
4 8 0.3114
4 9 0.3808
4 10 0.2552
4 11 0.1828
4 12 0.0425
4 13 0.1579
4 14 0.0252
4 15 0.0616
4 16 0.0269
4 17 -0.0521
4 18 -0.1764
4 19 -0.0452
4 20 0.2275
4 21 0.1148
5 0 0.2556
5 1 0.1703
5 2 0.4664
5 3 0.4486
5 4 0.3085
5 5 1.0000
5 6 0.3485
5 7 0.2949
5 8 0.3797
5 9 0.3092
5 10 0.2491
5 11 0.5108
5 12 0.3638
5 13 0.4038
5 14 0.0883
5 15 0.3161
5 16 0.3373
5 17 -0.0125
5 18 0.0124
5 19 0.2247
5 20 0.1392
5 21 0.0747
6 0 0.0581
6 1 0.2151
6 2 0.3593
6 3 0.1278
6 4 0.2936
6 5 0.3485
6 6 1.0000
6 7 0.1576
6 8 0.2848
6 9 0.7534
6 10 0.7371
6 11 0.6081
6 12 0.5443
6 13 0.4370
6 14 -0.0681
6 15 0.1469
6 16 0.1048
6 17 0.0688
6 18 -0.1391
6 19 0.1599
6 20 0.1879
6 21 0.2989
7 0 -0.0208
7 1 0.0838
7 2 0.1428
7 3 0.2416
7 4 -0.1335
7 5 0.2949
7 6 0.1576
7 7 1.0000
7 8 0.0884
7 9 0.0453
7 10 0.0850
7 11 0.3495
7 12 0.3242
7 13 0.3633
7 14 0.0843
7 15 0.2841
7 16 0.3720
7 17 0.1753
7 18 0.3012
7 19 0.3899
7 20 0.0851
7 21 0.0554
8 0 0.4773
8 1 0.2444
8 2 0.5730
8 3 0.4532
8 4 0.3114
8 5 0.3797
8 6 0.2848
8 7 0.0884
8 8 1.0000
8 9 0.2242
8 10 0.2747
8 11 0.3779
8 12 0.2788
8 13 0.3196
8 14 0.1200
8 15 0.1521
8 16 0.1053
8 17 -0.0808
8 18 -0.0801
8 19 -0.0165
8 20 -0.0378
8 21 0.2221
9 0 0.1282
9 1 0.2915
9 2 0.3501
9 3 0.2494
9 4 0.3808
9 5 0.3092
9 6 0.7534
9 7 0.0453
9 8 0.2242
9 9 1.0000
9 10 0.7324
9 11 0.4291
9 12 0.4364
9 13 0.2998
9 14 0.0940
9 15 -0.0006
9 16 -0.0591
9 17 -0.0866
9 18 -0.2197
9 19 0.0971
9 20 0.0710
9 21 0.2976
10 0 -0.1124
10 1 0.2225
10 2 0.4519
10 3 0.2893
10 4 0.2552
10 5 0.2491
10 6 0.7371
10 7 0.0850
10 8 0.2747
10 9 0.7324
10 10 1.0000
10 11 0.4427
10 12 0.4966
10 13 0.3996
10 14 0.0623
10 15 0.2633
10 16 0.1994
10 17 -0.0627
10 18 -0.1763
10 19 0.0794
10 20 -0.0239
10 21 0.3118
11 0 0.1565
11 1 0.2102
11 2 0.3741
11 3 0.3744
11 4 0.1828
11 5 0.5108
11 6 0.6081
11 7 0.3495
11 8 0.3779
11 9 0.4291
11 10 0.4427
11 11 1.0000
11 12 0.7988
11 13 0.8617
11 14 0.1597
11 15 0.4450
11 16 0.4657
11 17 0.2666
11 18 0.2837
11 19 0.1475
11 20 0.1145
11 21 0.2195
12 0 0.1192
12 1 0.1884
12 2 0.3563
12 3 0.3528
12 4 0.0425
12 5 0.3638
12 6 0.5443
12 7 0.3242
12 8 0.2788
12 9 0.4364
12 10 0.4966
12 11 0.7988
12 12 1.0000
12 13 0.6951
12 14 0.0835
12 15 0.3868
12 16 0.3975
12 17 0.1831
12 18 0.1455
12 19 0.2075
12 20 0.0821
12 21 0.1100
13 0 0.0035
13 1 0.1136
13 2 0.2873
13 3 0.3864
13 4 0.1579
13 5 0.4038
13 6 0.4370
13 7 0.3633
13 8 0.3196
13 9 0.2998
13 10 0.3996
13 11 0.8617
13 12 0.6951
13 13 1.0000
13 14 0.2409
13 15 0.5574
13 16 0.5649
13 17 0.3345
13 18 0.3505
13 19 0.2715
13 20 0.1257
13 21 0.1651
14 0 0.0259
14 1 0.2591
14 2 0.0898
14 3 0.2282
14 4 0.0252
14 5 0.0883
14 6 -0.0681
14 7 0.0843
14 8 0.1200
14 9 0.0940
14 10 0.0623
14 11 0.1597
14 12 0.0835
14 13 0.2409
14 14 1.0000
14 15 0.3780
14 16 0.3106
14 17 0.0542
14 18 0.1711
14 19 0.1138
14 20 0.1030
14 21 -0.1798
15 0 -0.1261
15 1 0.1480
15 2 0.2929
15 3 0.3621
15 4 0.0616
15 5 0.3161
15 6 0.1469
15 7 0.2841
15 8 0.1521
15 9 -0.0006
15 10 0.2633
15 11 0.4450
15 12 0.3868
15 13 0.5574
15 14 0.3780
15 15 1.0000
15 16 0.8871
15 17 0.3484
15 18 0.3941
15 19 0.2799
15 20 0.0988
15 21 -0.1136
16 0 -0.1428
16 1 0.0836
16 2 0.2686
16 3 0.3860
16 4 0.0269
16 5 0.3373
16 6 0.1048
16 7 0.3720
16 8 0.1053
16 9 -0.0591
16 10 0.1994
16 11 0.4657
16 12 0.3975
16 13 0.5649
16 14 0.3106
16 15 0.8871
16 16 1.0000
16 17 0.3315
16 18 0.4264
16 19 0.3113
16 20 0.0524
16 21 -0.1266
17 0 0.0524
17 1 -0.0179
17 2 -0.0923
17 3 -0.1054
17 4 -0.0521
17 5 -0.0125
17 6 0.0688
17 7 0.1753
17 8 -0.0808
17 9 -0.0866
17 10 -0.0627
17 11 0.2666
17 12 0.1831
17 13 0.3345
17 14 0.0542
17 15 0.3484
17 16 0.3315
17 17 1.0000
17 18 0.8071
17 19 0.0648
17 20 0.2704
17 21 0.2184
18 0 0.0143
18 1 0.0489
18 2 -0.0934
18 3 -0.0129
18 4 -0.1764
18 5 0.0124
18 6 -0.1391
18 7 0.3012
18 8 -0.0801
18 9 -0.2197
18 10 -0.1763
18 11 0.2837
18 12 0.1455
18 13 0.3505
18 14 0.1711
18 15 0.3941
18 16 0.4264
18 17 0.8071
18 18 1.0000
18 19 -0.0270
18 20 0.0746
18 21 0.2261
19 0 -0.0176
19 1 0.0185
19 2 0.1721
19 3 0.2852
19 4 -0.0452
19 5 0.2247
19 6 0.1599
19 7 0.3899
19 8 -0.0165
19 9 0.0971
19 10 0.0794
19 11 0.1475
19 12 0.2075
19 13 0.2715
19 14 0.1138
19 15 0.2799
19 16 0.3113
19 17 0.0648
19 18 -0.0270
19 19 1.0000
19 20 0.0529
19 21 -0.1365
20 0 0.1269
20 1 0.0000
20 2 -0.1273
20 3 -0.0972
20 4 0.2275
20 5 0.1392
20 6 0.1879
20 7 0.0851
20 8 -0.0378
20 9 0.0710
20 10 -0.0239
20 11 0.1145
20 12 0.0821
20 13 0.1257
20 14 0.1030
20 15 0.0988
20 16 0.0524
20 17 0.2704
20 18 0.0746
20 19 0.0529
20 20 1.0000
20 21 -0.0105
21 0 0.0963
21 1 0.0095
21 2 0.0907
21 3 -0.0840
21 4 0.1148
21 5 0.0747
21 6 0.2989
21 7 0.0554
21 8 0.2221
21 9 0.2976
21 10 0.3118
21 11 0.2195
21 12 0.1100
21 13 0.1651
21 14 -0.1798
21 15 -0.1136
21 16 -0.1266
21 17 0.2184
21 18 0.2261
21 19 -0.1365
21 20 -0.0105
21 21 1.0000
