# i j rho
0 0 1.0000
0 1 0.2271
0 2 0.0928
0 3 0.0905
0 4 0.2868
0 8 0.2476
0 9 0.0486
0 10 -0.0107
0 11 0.4800
0 12 0.1157
0 13 -0.1188
0 14 0.1469
0 15 0.1200
0 16 0.0010
0 17 0.0179
0 18 -0.1218
0 19 -0.1377
0 20 0.0406
0 21 -0.0004
0 22 -0.0086
0 23 0.1341
0 24 0.0903
1 0 0.2271
1 1 1.0000
1 2 0.3028
1 3 0.2557
1 4 0.1679
1 5 0.0927
1 6 0.0316
1 7 0.1348
1 8 0.0910
1 9 0.2345
1 10 0.0461
1 11 0.2457
1 12 0.3119
1 13 0.2146
1 14 0.1300
1 15 0.2262
1 16 0.0904
1 17 0.2284
1 18 0.1346
1 19 0.0755
1 20 -0.0575
1 21 0.0587
1 22 -0.1181
1 23 -0.0203
1 24 0.0224
2 0 0.0928
2 1 0.3028
2 2 1.0000
2 3 0.7932
2 4 0.1435
2 5 0.3180
2 6 0.2700
2 7 0.1442
2 8 0.4445
2 9 0.4081
2 10 0.2391
2 11 0.5729
2 12 0.4019
2 13 0.4712
2 14 0.3146
2 15 0.3399
2 16 0.2318
2 17 0.0528
2 18 0.2733
2 19 0.2322
2 20 0.0373
2 21 -0.0110
2 22 0.0620
2 23 -0.0857
2 24 0.1633
3 0 0.0905
3 1 0.2557
3 2 0.7932
3 3 1.0000
3 4 0.1379
3 5 0.3623
3 6 0.2474
3 7 0.3368
3 8 0.3966
3 9 0.2285
3 10 0.2985
3 11 0.4570
3 12 0.3090
3 13 0.3411
3 14 0.3185
3 15 0.3488
3 16 0.3035
3 17 0.1413
3 18 0.3572
3 19 0.3554
3 20 0.0313
3 21 0.0547
3 22 0.1933
3 23 -0.0495
3 24 0.0669
4 0 0.2868
4 1 0.1679
4 2 0.1435
4 3 0.1379
4 4 1.0000
4 5 0.0354
4 7 0.0971
4 8 0.1784
4 9 0.2592
4 10 -0.1676
4 11 0.3125
4 12 0.3409
4 13 0.2056
4 14 0.0814
4 15 0.0607
4 16 0.0239
4 17 0.0030
4 18 -0.0398
4 19 -0.0781
4 20 -0.1606
4 21 -0.2495
4 22 -0.1173
4 23 0.1655
4 24 0.1732
5 1 0.0927
5 2 0.3180
5 3 0.3623
5 4 0.0354
5 5 1.0000
5 7 0.1144
5 8 0.2588
5 9 0.3352
5 10 -0.1041
5 12 0.2008
5 13 0.3347
5 14 0.1270
5 15 0.1385
5 16 0.0162
5 17 0.1319
5 18 0.1352
5 19 0.0245
5 20 0.0503
5 21 0.0621
5 22 0.1444
5 23 0.1766
5 24 0.0419
6 1 0.0316
6 2 0.2700
6 3 0.2474
6 6 1.0000
6 7 0.2196
6 8 0.2115
6 9 0.2418
6 10 -0.0318
6 12 0.1557
6 13 0.1619
6 14 0.2643
6 15 0.1954
6 16 0.3724
6 17 0.1610
6 18 0.2002
6 19 0.1081
6 20 0.0391
6 22 -0.0540
6 23 0.3248
6 24 0.1699
7 1 0.1348
7 2 0.1442
7 3 0.3368
7 4 0.0971
7 5 0.1144
7 6 0.2196
7 7 1.0000
7 8 -0.0645
7 9 -0.0231
7 10 0.2149
7 12 0.2458
7 13 0.1018
7 14 -0.0200
7 15 0.1614
7 16 0.1921
7 17 0.2481
7 18 0.1929
7 19 0.1221
7 20 -0.1071
7 21 0.0181
7 22 0.0727
7 23 -0.1579
7 24 0.1096
8 0 0.2476
8 1 0.0910
8 2 0.4445
8 3 0.3966
8 4 0.1784
8 5 0.2588
8 6 0.2115
8 7 -0.0645
8 8 1.0000
8 9 0.2767
8 10 0.2217
8 11 0.3716
8 12 0.2283
8 13 0.2655
8 14 0.3609
8 15 0.2707
8 16 0.3094
8 17 -0.0450
8 18 0.1745
8 19 0.1767
8 20 0.0215
8 21 -0.0267
8 22 0.0175
8 23 0.0600
8 24 0.1295
9 0 0.0486
9 1 0.2345
9 2 0.4081
9 3 0.2285
9 4 0.2592
9 5 0.3352
9 6 0.2418
9 7 -0.0231
9 8 0.2767
9 9 1.0000
9 10 0.1667
9 11 0.2740
9 12 0.7700
9 13 0.7280
9 14 0.5765
9 15 0.5306
9 16 0.4102
9 17 0.0293
9 18 0.1077
9 19 0.0513
9 20 0.1498
9 21 -0.0304
9 22 0.0295
9 23 0.1824
9 24 0.2942
10 0 -0.0107
10 1 0.0461
10 2 0.2391
10 3 0.2985
10 4 -0.1676
10 5 -0.1041
10 6 -0.0318
10 7 0.2149
10 8 0.2217
10 9 0.1667
10 10 1.0000
10 11 0.0963
10 12 0.0425
10 13 0.0698
10 14 0.2469
10 15 0.2891
10 16 0.3248
10 17 0.0387
10 18 0.2740
10 19 0.3254
10 20 0.1957
10 21 0.2685
10 22 0.1778
10 23 0.0617
10 24 0.1415
11 0 0.4800
11 1 0.2457
11 2 0.5729
11 3 0.4570
11 4 0.3125
11 8 0.3716
11 9 0.2740
11 10 0.0963
11 11 1.0000
11 12 0.2116
11 13 0.2662
11 14 0.3672
11 15 0.2790
11 16 0.3164
11 17 0.1118
11 18 0.1549
11 19 0.1089
11 20 -0.0900
11 21 -0.0918
11 22 -0.0083
11 23 -0.0299
11 24 0.2155
12 0 0.1157
12 1 0.3119
12 2 0.4019
12 3 0.3090
12 4 0.3409
12 5 0.2008
12 6 0.1557
12 7 0.2458
12 8 0.2283
12 9 0.7700
12 10 0.0425
12 11 0.2116
12 12 1.0000
12 13 0.7432
12 14 0.3557
12 15 0.3766
12 16 0.2228
12 17 0.1194
12 18 -0.0318
12 19 -0.0896
12 20 -0.0301
12 21 -0.1397
12 22 0.0021
12 23 0.0771
12 24 0.2736
13 0 -0.1188
13 1 0.2146
13 2 0.4712
13 3 0.3411
13 4 0.2056
13 5 0.3347
13 6 0.1619
13 7 0.1018
13 8 0.2655
13 9 0.7280
13 10 0.0698
13 11 0.2662
13 12 0.7432
13 13 1.0000
13 14 0.3486
13 15 0.4204
13 16 0.2973
13 17 0.0587
13 18 0.1787
13 19 0.1266
13 20 -0.0425
13 21 -0.1340
13 22 0.0045
13 23 -0.0154
13 24 0.2957
14 0 0.1469
14 1 0.1300
14 2 0.3146
14 3 0.3185
14 4 0.0814
14 5 0.1270
14 6 0.2643
14 7 -0.0200
14 8 0.3609
14 9 0.5765
14 10 0.2469
14 11 0.3672
14 12 0.3557
14 13 0.3486
14 14 1.0000
14 15 0.7691
14 16 0.8683
14 17 0.2105
14 18 0.4426
14 19 0.4177
14 20 0.3945
14 21 0.3938
14 22 0.0561
14 23 0.1133
14 24 0.2406
15 0 0.1200
15 1 0.2262
15 2 0.3399
15 3 0.3488
15 4 0.0607
15 5 0.1385
15 6 0.1954
15 7 0.1614
15 8 0.2707
15 9 0.5306
15 10 0.2891
15 11 0.2790
15 12 0.3766
15 13 0.4204
15 14 0.7691
15 15 1.0000
15 16 0.6982
15 17 0.1354
15 18 0.3940
15 19 0.3619
15 20 0.2846
15 21 0.2378
15 22 0.0645
15 23 0.0685
15 24 0.1200
16 0 0.0010
16 1 0.0904
16 2 0.2318
16 3 0.3035
16 4 0.0239
16 5 0.0162
16 6 0.3724
16 7 0.1921
16 8 0.3094
16 9 0.4102
16 10 0.3248
16 11 0.3164
16 12 0.2228
16 13 0.2973
16 14 0.8683
16 15 0.6982
16 16 1.0000
16 17 0.2679
16 18 0.5501
16 19 0.5235
16 20 0.4290
16 21 0.4442
16 22 0.1102
16 23 0.1177
16 24 0.1785
17 0 0.0179
17 1 0.2284
17 2 0.0528
17 3 0.1413
17 4 0.0030
17 5 0.1319
17 6 0.1610
17 7 0.2481
17 8 -0.0450
17 9 0.0293
17 10 0.0387
17 11 0.1118
17 12 0.1194
17 13 0.0587
17 14 0.2105
17 15 0.1354
17 16 0.2679
17 17 1.0000
17 18 0.3428
17 19 0.3078
17 20 0.0660
17 21 0.2000
17 22 -0.0569
17 23 0.1116
17 24 -0.0143
18 0 -0.1218
18 1 0.1346
18 2 0.2733
18 3 0.3572
18 4 -0.0398
18 5 0.1352
18 6 0.2002
18 7 0.1929
18 8 0.1745
18 9 0.1077
18 10 0.2740
18 11 0.1549
18 12 -0.0318
18 13 0.1787
18 14 0.4426
18 15 0.3940
18 16 0.5501
18 17 0.3428
18 18 1.0000
18 19 0.8986
18 20 0.4306
18 21 0.5085
18 22 0.2200
18 23 0.0824
18 24 0.0141
19 0 -0.1377
19 1 0.0755
19 2 0.2322
19 3 0.3554
19 4 -0.0781
19 5 0.0245
19 6 0.1081
19 7 0.1221
19 8 0.1767
19 9 0.0513
19 10 0.3254
19 11 0.1089
19 12 -0.0896
19 13 0.1266
19 14 0.4177
19 15 0.3619
19 16 0.5235
19 17 0.3078
19 18 0.8986
19 19 1.0000
19 20 0.3733
19 21 0.5056
19 22 0.2539
19 23 0.0461
19 24 0.0158
20 0 0.0406
20 1 -0.0575
20 2 0.0373
20 3 0.0313
20 4 -0.1606
20 5 0.0503
20 6 0.0391
20 7 -0.1071
20 8 0.0215
20 9 0.1498
20 10 0.1957
20 11 -0.0900
20 12 -0.0301
20 13 -0.0425
20 14 0.3945
20 15 0.2846
20 16 0.4290
20 17 0.0660
20 18 0.4306
20 19 0.3733
20 20 1.0000
20 21 0.8523
20 22 0.0703
20 23 0.1968
20 24 0.1588
21 0 -0.0004
21 1 0.0587
21 2 -0.0110
21 3 0.0547
21 4 -0.2495
21 5 0.0621
21 7 0.0181
21 8 -0.0267
21 9 -0.0304
21 10 0.2685
21 11 -0.0918
21 12 -0.1397
21 13 -0.1340
21 14 0.3938
21 15 0.2378
21 16 0.4442
21 17 0.2000
21 18 0.5085
21 19 0.5056
21 20 0.8523
21 21 1.0000
21 22 0.0317
21 23 0.0671
21 24 0.1702
22 0 -0.0086
22 1 -0.1181
22 2 0.0620
22 3 0.1933
22 4 -0.1173
22 5 0.1444
22 6 -0.0540
22 7 0.0727
22 8 0.0175
22 9 0.0295
22 10 0.1778
22 11 -0.0083
22 12 0.0021
22 13 0.0045
22 14 0.0561
22 15 0.0645
22 16 0.1102
22 17 -0.0569
22 18 0.2200
22 19 0.2539
22 20 0.0703
22 21 0.0317
22 22 1.0000
22 23 0.0768
22 24 -0.1935
23 0 0.1341
23 1 -0.0203
23 2 -0.0857
23 3 -0.0495
23 4 0.1655
23 5 0.1766
23 6 0.3248
23 7 -0.1579
23 8 0.0600
23 9 0.1824
23 10 0.0617
23 11 -0.0299
23 12 0.0771
23 13 -0.0154
23 14 0.1133
23 15 0.0685
23 16 0.1177
23 17 0.1116
23 18 0.0824
23 19 0.0461
23 20 0.1968
23 21 0.0671
23 22 0.0768
23 23 1.0000
23 24 0.0003
24 0 0.0903
24 1 0.0224
24 2 0.1633
24 3 0.0669
24 4 0.1732
24 5 0.0419
24 6 0.1699
24 7 0.1096
24 8 0.1295
24 9 0.2942
24 10 0.1415
24 11 0.2155
24 12 0.2736
24 13 0.2957
24 14 0.2406
24 15 0.1200
24 16 0.1785
24 17 -0.0143
24 18 0.0141
24 19 0.0158
24 20 0.1588
24 21 0.1702
24 22 -0.1935
24 23 0.0003
24 24 1.0000
