i j rho
0 0 1.0000
0 1 0.2705
0 2 0.1061
0 3 0.0993
0 4 0.2903
0 5 0.1803
0 6 0.1079
0 7 0.1279
0 8 -0.1709
0 9 0.5637
0 10 0.2203
0 11 -0.1058
0 12 0.0536
0 13 0.1035
0 14 -0.2788
0 15 -0.1353
0 16 -0.4039
0 17 -0.5124
0 18 -0.0636
0 19 -0.1359
0 20 -0.2817
0 21 -0.1125
0 22 0.1313
1 0 0.2705
1 1 1.0000
1 2 0.3868
1 3 0.3620
1 4 0.0846
1 5 0.4121
1 6 0.3720
1 7 0.3472
1 8 0.0651
1 9 0.3629
1 10 0.4700
1 11 0.3048
1 12 0.3891
1 13 0.3138
1 14 0.1952
1 15 0.2161
1 16 0.2064
1 17 0.1878
1 18 0.0160
1 19 0.1262
1 20 -0.3178
1 21 -0.0437
1 22 0.1740
2 0 0.1061
2 1 0.3868
2 2 1.0000
2 3 0.7964
2 4 0.1927
2 5 0.4411
2 6 0.6225
2 7 0.4355
2 8 0.1412
2 9 0.5992
2 10 0.4543
2 11 0.6238
2 12 0.3414
2 13 0.3425
2 14 0.2247
2 15 0.0671
2 16 0.2778
2 17 0.2308
2 18 -0.1797
2 19 -0.1098
2 20 0.1443
2 21 -0.2371
2 22 0.3573
3 0 0.0993
3 1 0.3620
3 2 0.7964
3 3 1.0000
3 4 0.2304
3 5 0.5948
3 6 0.6881
3 7 0.2405
3 8 0.2026
3 9 0.4598
3 10 0.3182
3 11 0.4978
3 12 0.3619
3 13 0.3312
3 14 0.3000
3 15 0.2768
3 16 0.4540
3 17 0.4195
3 18 -0.1720
3 19 0.0238
3 20 0.0802
3 21 -0.1306
3 22 0.2481
4 0 0.2903
4 1 0.0846
4 2 0.1927
4 3 0.2304
4 4 1.0000
4 5 0.3096
4 6 0.1159
4 7 0.3832
4 8 -0.1068
4 9 0.3235
4 10 0.4644
4 11 0.4237
4 12 0.0960
4 13 0.0131
4 14 -0.0378
4 15 0.0742
4 16 0.0486
4 17 -0.0289
4 18 -0.0645
4 19 -0.2175
4 20 -0.1403
4 21 0.0155
4 22 0.1776
5 0 0.1803
5 1 0.4121
5 2 0.4411
5 3 0.5948
5 4 0.3096
5 5 1.0000
5 6 0.3312
5 7 0.3016
5 8 0.3104
5 9 0.4407
5 10 0.4703
5 11 0.3417
5 12 0.5516
5 13 0.5444
5 14 0.5864
5 15 0.2985
5 16 0.2839
5 17 0.1265
5 18 -0.1588
5 19 0.0798
5 20 0.1525
5 21 -0.1167
5 22 0.2335
6 0 0.1079
6 1 0.3720
6 2 0.6225
6 3 0.6881
6 4 0.1159
6 5 0.3312
6 6 1.0000
6 7 0.3675
6 8 0.3142
6 9 0.3464
6 10 0.3273
6 11 0.2617
6 12 0.4232
6 13 0.3216
6 14 0.1855
6 15 0.0826
6 16 0.3609
6 17 0.3665
6 18 -0.1303
6 19 -0.0077
6 20 0.0949
6 21 0.1097
6 22 0.1817
7 0 0.1279
7 1 0.3472
7 2 0.4355
7 3 0.2405
7 4 0.3832
7 5 0.3016
7 6 0.3675
7 7 1.0000
7 8 0.2108
7 9 0.3040
7 10 0.8567
7 11 0.7100
7 12 0.6885
7 13 0.5914
7 14 0.4036
7 15 -0.0902
7 16 0.1353
7 17 0.1047
7 18 0.0558
7 19 -0.1284
7 20 0.0686
7 21 0.1998
7 22 0.4557
8 0 -0.1709
8 1 0.0651
8 2 0.1412
8 3 0.2026
8 4 -0.1068
8 5 0.3104
8 6 0.3142
8 7 0.2108
8 8 1.0000
8 9 0.0762
8 10 0.0633
8 11 0.0802
8 12 0.3768
8 13 0.2846
8 14 0.3276
8 15 0.2277
8 16 0.3516
8 17 0.3651
8 18 0.2549
8 19 0.4295
8 20 0.1836
8 21 0.2190
8 22 0.2909
9 0 0.5637
9 1 0.3629
9 2 0.5992
9 3 0.4598
9 4 0.3235
9 5 0.4407
9 6 0.3464
9 7 0.3040
9 8 0.0762
9 9 1.0000
9 10 0.3672
9 11 0.3094
9 12 0.2533
9 13 0.1690
9 14 0.0447
9 15 0.0545
9 16 -0.1021
9 17 -0.1946
9 18 -0.2589
9 19 -0.2349
9 20 -0.1843
9 21 -0.2869
9 22 0.2931
10 0 0.2203
10 1 0.4700
10 2 0.4543
10 3 0.3182
10 4 0.4644
10 5 0.4703
10 6 0.3273
10 7 0.8567
10 8 0.0633
10 9 0.3672
10 10 1.0000
10 11 0.7619
10 12 0.5661
10 13 0.4526
10 14 0.2877
10 15 0.0826
10 16 0.0770
10 17 0.0226
10 18 -0.0951
10 19 -0.1764
10 20 -0.0301
10 21 0.0045
10 22 0.4029
11 0 -0.1058
11 1 0.3048
11 2 0.6238
11 3 0.4978
11 4 0.4237
11 5 0.3417
11 6 0.2617
11 7 0.7100
11 8 0.0802
11 9 0.3094
11 10 0.7619
11 11 1.0000
11 12 0.5163
11 13 0.4446
11 14 0.4607
11 15 0.1737
11 16 0.3936
11 17 0.3572
11 18 -0.1462
11 19 -0.1148
11 20 0.0698
11 21 -0.1311
11 22 0.4158
12 0 0.0536
12 1 0.3891
12 2 0.3414
12 3 0.3619
12 4 0.0960
12 5 0.5516
12 6 0.4232
12 7 0.6885
12 8 0.3768
12 9 0.2533
12 10 0.5661
12 11 0.5163
12 12 1.0000
12 13 0.8267
12 14 0.8379
12 15 0.0672
12 16 0.4079
12 17 0.3402
12 18 0.2434
12 19 0.2956
12 20 0.0783
12 21 0.1945
12 22 0.4465
13 0 0.1035
13 1 0.3138
13 2 0.3425
13 3 0.3312
13 4 0.0131
13 5 0.5444
13 6 0.3216
13 7 0.5914
13 8 0.2846
13 9 0.1690
13 10 0.4526
13 11 0.4446
13 12 0.8267
13 13 1.0000
13 14 0.7008
13 15 -0.0305
13 16 0.4250
13 17 0.3593
13 18 0.2575
13 19 0.2095
13 20 0.1590
13 21 0.2044
13 22 0.2013
14 0 -0.2788
14 1 0.1952
14 2 0.2247
14 3 0.3000
14 4 -0.0378
14 5 0.5864
14 6 0.1855
14 7 0.4036
14 8 0.3276
14 9 0.0447
14 10 0.2877
14 11 0.4607
14 12 0.8379
14 13 0.7008
14 14 1.0000
14 15 0.1597
14 16 0.6047
14 17 0.5373
14 18 0.3449
14 19 0.4475
14 20 0.1718
14 21 0.1286
14 22 0.2973
15 0 -0.1353
15 1 0.2161
15 2 0.0671
15 3 0.2768
15 4 0.0742
15 5 0.2985
15 6 0.0826
15 7 -0.0902
15 8 0.2277
15 9 0.0545
15 10 0.0826
15 11 0.1737
15 12 0.0672
15 13 -0.0305
15 14 0.1597
15 15 1.0000
15 16 0.4797
15 17 0.4524
15 18 -0.1309
15 19 0.0718
15 20 0.0254
15 21 0.1659
15 22 -0.1913
16 0 -0.4039
16 1 0.2064
16 2 0.2778
16 3 0.4540
16 4 0.0486
16 5 0.2839
16 6 0.3609
16 7 0.1353
16 8 0.3516
16 9 -0.1021
16 10 0.0770
16 11 0.3936
16 12 0.4079
16 13 0.4250
16 14 0.6047
16 15 0.4797
16 16 1.0000
16 17 0.9462
16 18 0.1991
16 19 0.3551
16 20 0.2645
16 21 0.2724
16 22 -0.0568
17 0 -0.5124
17 1 0.1878
17 2 0.2308
17 3 0.4195
17 4 -0.0289
17 5 0.1265
17 6 0.3665
17 7 0.1047
17 8 0.3651
17 9 -0.1946
17 10 0.0226
17 11 0.3572
17 12 0.3402
17 13 0.3593
17 14 0.5373
17 15 0.4524
17 16 0.9462
17 17 1.0000
17 18 0.1437
17 19 0.3397
17 20 0.1889
17 21 0.2284
17 22 -0.0739
18 0 -0.0636
18 1 0.0160
18 2 -0.1797
18 3 -0.1720
18 4 -0.0645
18 5 -0.1588
18 6 -0.1303
18 7 0.0558
18 8 0.2549
18 9 -0.2589
18 10 -0.0951
18 11 -0.1462
18 12 0.2434
18 13 0.2575
18 14 0.3449
18 15 -0.1309
18 16 0.1991
18 17 0.1437
18 18 1.0000
18 19 0.7862
18 20 -0.0279
18 21 0.3199
18 22 0.2159
19 0 -0.1359
19 1 0.1262
19 2 -0.1098
19 3 0.0238
19 4 -0.2175
19 5 0.0798
19 6 -0.0077
19 7 -0.1284
19 8 0.4295
19 9 -0.2349
19 10 -0.1764
19 11 -0.1148
19 12 0.2956
19 13 0.2095
19 14 0.4475
19 15 0.0718
19 16 0.3551
19 17 0.3397
19 18 0.7862
19 19 1.0000
19 20 -0.1554
19 21 0.1109
19 22 0.3023
20 0 -0.2817
20 1 -0.3178
20 2 0.1443
20 3 0.0802
20 4 -0.1403
20 5 0.1525
20 6 0.0949
20 7 0.0686
20 8 0.1836
20 9 -0.1843
20 10 -0.0301
20 11 0.0698
20 12 0.0783
20 13 0.1590
20 14 0.1718
20 15 0.0254
20 16 0.2645
20 17 0.1889
20 18 -0.0279
20 19 -0.1554
20 20 1.0000
20 21 0.0898
20 22 -0.1353
21 0 -0.1125
21 1 -0.0437
21 2 -0.2371
21 3 -0.1306
21 4 0.0155
21 5 -0.1167
21 6 0.1097
21 7 0.1998
21 8 0.2190
21 9 -0.2869
21 10 0.0045
21 11 -0.1311
21 12 0.1945
21 13 0.2044
21 14 0.1286
21 15 0.1659
21 16 0.2724
21 17 0.2284
21 18 0.3199
21 19 0.1109
21 20 0.0898
21 21 1.0000
21 22 -0.1228
22 0 0.1313
22 1 0.1740
22 2 0.3573
22 3 0.2481
22 4 0.1776
22 5 0.2335
22 6 0.1817
22 7 0.4557
22 8 0.2909
22 9 0.2931
22 10 0.4029
22 11 0.4158
22 12 0.4465
22 13 0.2013
22 14 0.2973
22 15 -0.1913
22 16 -0.0568
22 17 -0.0739
22 18 0.2159
22 19 0.3023
22 20 -0.1353
22 21 -0.1228
22 22 1.0000
