i j rho
0 0 1.0000
0 1 0.2245
0 2 -0.0301
0 3 -0.1673
0 4 0.0647
0 5 -0.0426
0 6 0.1817
0 7 -0.1660
0 8 0.5196
0 9 0.2829
0 10 -0.2536
0 11 0.0629
0 12 -0.0398
0 13 -0.2727
0 14 -0.3047
0 15 -0.5876
0 16 -0.6556
0 17 -0.1343
0 18 -0.1345
0 19 -0.4165
0 20 -0.2663
0 21 0.3961
1 0 0.2245
1 1 1.0000
1 2 0.5409
1 3 0.5788
1 4 0.0309
1 5 0.6254
1 6 0.4650
1 7 0.3572
1 8 0.3981
1 9 0.5389
1 10 0.3286
1 11 0.4357
1 12 0.2932
1 13 0.2539
1 14 0.2088
1 15 0.3182
1 16 0.3594
1 17 0.1697
1 18 0.2151
1 19 -0.3456
1 20 -0.0768
1 21 0.2952
2 0 -0.0301
2 1 0.5409
2 2 1.0000
2 3 0.8272
2 4 0.0062
2 5 0.7065
2 6 0.6861
2 7 0.4230
2 8 0.5992
2 9 0.6754
2 10 0.6693
2 11 0.5517
2 12 0.4328
2 13 0.3151
2 14 0.1174
2 15 0.2450
2 16 0.2773
2 17 -0.1465
2 18 -0.0837
2 19 0.0770
2 20 -0.1262
2 21 0.5249
3 0 -0.1673
3 1 0.5788
3 2 0.8272
3 3 1.0000
3 4 0.2065
3 5 0.7658
3 6 0.5246
3 7 0.5150
3 8 0.2386
3 9 0.5393
3 10 0.6274
3 11 0.5865
3 12 0.4359
3 13 0.4513
3 14 0.3171
3 15 0.5550
3 16 0.5491
3 17 0.0581
3 18 0.1851
3 19 -0.0536
3 20 0.0865
3 21 0.4687
4 0 0.0647
4 1 0.0309
4 2 0.0062
4 3 0.2065
4 4 1.0000
4 5 -0.0107
4 6 -0.0037
4 7 -0.0431
4 8 -0.0913
4 9 0.1634
4 10 0.1690
4 11 -0.1346
4 12 -0.2302
4 13 -0.2293
4 14 0.1041
4 15 0.0071
4 16 -0.0297
4 17 0.0262
4 18 -0.0774
4 19 -0.2884
4 20 0.0201
4 21 0.0595
5 0 -0.0426
5 1 0.6254
5 2 0.7065
5 3 0.7658
5 4 -0.0107
5 5 1.0000
5 6 0.6566
5 7 0.6123
5 8 0.2726
5 9 0.5529
5 10 0.4204
5 11 0.6906
5 12 0.5542
5 13 0.4757
5 14 0.0760
5 15 0.5750
5 16 0.6195
5 17 0.0265
5 18 0.1286
5 19 0.0418
5 20 0.2376
5 21 0.4010
6 0 0.1817
6 1 0.4650
6 2 0.6861
6 3 0.5246
6 4 -0.0037
6 5 0.6566
6 6 1.0000
6 7 0.4885
6 8 0.4179
6 9 0.8770
6 10 0.6996
6 11 0.7357
6 12 0.6071
6 13 0.4278
6 14 0.0718
6 15 0.2509
6 16 0.2757
6 17 -0.1411
6 18 -0.1549
6 19 0.1800
6 20 0.2303
6 21 0.5511
7 0 -0.1660
7 1 0.3572
7 2 0.4230
7 3 0.5150
7 4 -0.0431
7 5 0.6123
7 6 0.4885
7 7 1.0000
7 8 0.0720
7 9 0.3330
7 10 0.3081
7 11 0.5449
7 12 0.4040
7 13 0.4482
7 14 0.2520
7 15 0.5052
7 16 0.5084
7 17 0.2616
7 18 0.3528
7 19 0.1379
7 20 0.2920
7 21 0.3766
8 0 0.5196
8 1 0.3981
8 2 0.5992
8 3 0.2386
8 4 -0.0913
8 5 0.2726
8 6 0.4179
8 7 0.0720
8 8 1.0000
8 9 0.5596
8 10 0.1861
8 11 -0.0308
8 12 -0.1460
8 13 -0.3744
8 14 0.0455
8 15 -0.4111
8 16 -0.3989
8 17 -0.5413
8 18 -0.5629
8 19 -0.0243
8 20 -0.3262
8 21 0.1857
9 0 0.2829
9 1 0.5389
9 2 0.6754
9 3 0.5393
9 4 0.1634
9 5 0.5529
9 6 0.8770
9 7 0.3330
9 8 0.5596
9 9 1.0000
9 10 0.7363
9 11 0.5038
9 12 0.3469
9 13 0.1791
9 14 0.2152
9 15 0.1293
9 16 0.1347
9 17 -0.3064
9 18 -0.3034
9 19 0.0966
9 20 0.0890
9 21 0.4373
10 0 -0.2536
10 1 0.3286
10 2 0.6693
10 3 0.6274
10 4 0.1690
10 5 0.4204
10 6 0.6996
10 7 0.3081
10 8 0.1861
10 9 0.7363
10 10 1.0000
10 11 0.5250
10 12 0.4441
10 13 0.4379
10 14 0.4386
10 15 0.4439
10 16 0.4451
10 17 -0.2345
10 18 -0.1416
10 19 0.2117
10 20 0.1209
10 21 0.3325
11 0 0.0629
11 1 0.4357
11 2 0.5517
11 3 0.5865
11 4 -0.1346
11 5 0.6906
11 6 0.7357
11 7 0.5449
11 8 -0.0308
11 9 0.5038
11 10 0.5250
11 11 1.0000
11 12 0.9114
11 13 0.8721
11 14 -0.0455
11 15 0.4994
11 16 0.5235
11 17 0.2394
11 18 0.3620
11 19 0.0388
11 20 0.1933
11 21 0.6227
12 0 -0.0398
12 1 0.2932
12 2 0.4328
12 3 0.4359
12 4 -0.2302
12 5 0.5542
12 6 0.6071
12 7 0.4040
12 8 -0.1460
12 9 0.3469
12 10 0.4441
12 11 0.9114
12 12 1.0000
12 13 0.8564
12 14 -0.1578
12 15 0.4798
12 16 0.5101
12 17 0.2320
12 18 0.3437
12 19 0.1232
12 20 0.1779
12 21 0.4127
13 0 -0.2727
13 1 0.2539
13 2 0.3151
13 3 0.4513
13 4 -0.2293
13 5 0.4757
13 6 0.4278
13 7 0.4482
13 8 -0.3744
13 9 0.1791
13 10 0.4379
13 11 0.8721
13 12 0.8564
13 13 1.0000
13 14 0.0353
13 15 0.6550
13 16 0.6580
13 17 0.4138
13 18 0.5681
13 19 0.0972
13 20 0.2074
13 21 0.4038
14 0 -0.3047
14 1 0.2088
14 2 0.1174
14 3 0.3171
14 4 0.1041
14 5 0.0760
14 6 0.0718
14 7 0.2520
14 8 0.0455
14 9 0.2152
14 10 0.4386
14 11 -0.0455
14 12 -0.1578
14 13 0.0353
14 14 1.0000
14 15 0.4673
14 16 0.4532
14 17 -0.1423
14 18 -0.0727
14 19 0.0935
14 20 0.3881
14 21 -0.1954
15 0 -0.5876
15 1 0.3182
15 2 0.2450
15 3 0.5550
15 4 0.0071
15 5 0.5750
15 6 0.2509
15 7 0.5052
15 8 -0.4111
15 9 0.1293
15 10 0.4439
15 11 0.4994
15 12 0.4798
15 13 0.6550
15 14 0.4673
15 15 1.0000
15 16 0.9695
15 17 0.2565
15 18 0.3868
15 19 0.2415
15 20 0.5219
15 21 -0.0306
16 0 -0.6556
16 1 0.3594
16 2 0.2773
16 3 0.5491
16 4 -0.0297
16 5 0.6195
16 6 0.2757
16 7 0.5084
16 8 -0.3989
16 9 0.1347
16 10 0.4451
16 11 0.5235
16 12 0.5101
16 13 0.6580
16 14 0.4532
16 15 0.9695
16 16 1.0000
16 17 0.2184
16 18 0.3564
16 19 0.1852
16 20 0.4727
16 21 -0.0348
17 0 -0.1343
17 1 0.1697
17 2 -0.1465
17 3 0.0581
17 4 0.0262
17 5 0.0265
17 6 -0.1411
17 7 0.2616
17 8 -0.5413
17 9 -0.3064
17 10 -0.2345
17 11 0.2394
17 12 0.2320
17 13 0.4138
17 14 -0.1423
17 15 0.2565
17 16 0.2184
17 17 1.0000
17 18 0.8939
17 19 -0.3733
17 20 -0.0138
17 21 0.2562
18 0 -0.1345
18 1 0.2151
18 2 -0.0837
18 3 0.1851
18 4 -0.0774
18 5 0.1286
18 6 -0.1549
18 7 0.3528
18 8 -0.5629
18 9 -0.3034
18 10 -0.1416
18 11 0.3620
18 12 0.3437
18 13 0.5681
18 14 -0.0727
18 15 0.3868
18 16 0.3564
18 17 0.8939
18 18 1.0000
18 19 -0.3979
18 20 -0.0390
18 21 0.3029
19 0 -0.4165
19 1 -0.3456
19 2 0.0770
19 3 -0.0536
19 4 -0.2884
19 5 0.0418
19 6 0.1800
19 7 0.1379
19 8 -0.0243
19 9 0.0966
19 10 0.2117
19 11 0.0388
19 12 0.1232
19 13 0.0972
19 14 0.0935
19 15 0.2415
19 16 0.1852
19 17 -0.3733
19 18 -0.3979
19 19 1.0000
19 20 0.3339
19 21 -0.2948
20 0 -0.2663
20 1 -0.0768
20 2 -0.1262
20 3 0.0865
20 4 0.0201
20 5 0.2376
20 6 0.2303
20 7 0.2920
20 8 -0.3262
20 9 0.0890
20 10 0.1209
20 11 0.1933
20 12 0.1779
20 13 0.2074
20 14 0.3881
20 15 0.5219
20 16 0.4727
20 17 -0.0138
20 18 -0.0390
20 19 0.3339
20 20 1.0000
20 21 -0.1188
21 0 0.3961
21 1 0.2952
21 2 0.5249
21 3 0.4687
21 4 0.0595
21 5 0.4010
21 6 0.5511
21 7 0.3766
21 8 0.1857
21 9 0.4373
21 10 0.3325
21 11 0.6227
21 12 0.4127
21 13 0.4038
21 14 -0.1954
21 15 -0.0306
21 16 -0.0348
21 17 0.2562
21 18 0.3029
21 19 -0.2948
21 20 -0.1188
21 21 1.0000
