i j rho
0 0 1.0000
0 1 0.1578
0 2 0.2089
0 3 0.1119
0 4 0.1872
0 5 0.0428
0 6 0.3137
0 7 0.2315
0 8 0.1122
0 9 0.2190
0 10 0.0280
0 11 0.1922
0 12 0.1931
0 13 0.0284
0 14 -0.0451
0 15 -0.0964
1 0 0.1578
1 1 1.0000
1 2 0.7256
1 3 0.2603
1 4 0.2417
1 5 0.1871
1 6 0.2754
1 7 0.3319
1 8 0.1521
1 9 0.1802
1 10 0.0941
1 11 -0.0420
1 12 0.1980
1 13 0.2007
1 14 0.0187
1 15 0.1010
2 0 0.2089
2 1 0.7256
2 2 1.0000
2 3 0.2274
2 4 0.0698
2 5 0.1925
2 6 0.2241
2 7 0.2889
2 8 0.1385
2 9 0.1858
2 10 0.1384
2 11 0.0119
2 12 0.1765
2 13 0.3285
2 14 0.0206
2 15 0.2186
3 0 0.1119
3 1 0.2603
3 2 0.2274
3 3 1.0000
3 4 0.2743
3 5 0.1957
3 6 0.3099
3 7 0.3062
3 8 0.3850
3 9 0.3048
3 10 0.2945
3 11 0.0104
3 12 0.1573
3 13 0.1467
3 14 0.1961
3 15 -0.0137
4 0 0.1872
4 1 0.2417
4 2 0.0698
4 3 0.2743
4 4 1.0000
4 5 0.1534
4 6 0.7010
4 7 0.6946
4 8 0.4984
4 9 0.4686
4 10 0.3281
4 11 0.0760
4 12 0.1505
4 13 0.0137
4 14 0.1015
4 15 -0.0056
5 0 0.0428
5 1 0.1871
5 2 0.1925
5 3 0.1957
5 4 0.1534
5 5 1.0000
5 6 0.0673
5 7 0.0589
5 8 0.2184
5 9 0.2441
5 10 0.2416
5 11 0.0528
5 12 0.1984
5 13 0.2872
5 14 0.1585
5 15 0.1423
6 0 0.3137
6 1 0.2754
6 2 0.2241
6 3 0.3099
6 4 0.7010
6 5 0.0673
6 6 1.0000
6 7 0.7832
6 8 0.2839
6 9 0.3128
6 10 0.1342
6 11 0.0704
6 12 0.0344
6 13 -0.1224
6 14 -0.0817
6 15 -0.0255
7 0 0.2315
7 1 0.3319
7 2 0.2889
7 3 0.3062
7 4 0.6946
7 5 0.0589
7 6 0.7832
7 7 1.0000
7 8 0.2918
7 9 0.3755
7 10 0.2237
7 11 0.0465
7 12 0.1986
7 13 0.0742
7 14 -0.0753
7 15 -0.0455
8 0 0.1122
8 1 0.1521
8 2 0.1385
8 3 0.3850
8 4 0.4984
8 5 0.2184
8 6 0.2839
8 7 0.2918
8 8 1.0000
8 9 0.7866
8 10 0.8517
8 11 0.2300
8 12 0.3797
8 13 0.4084
8 14 0.4553
8 15 0.0565
9 0 0.2190
9 1 0.1802
9 2 0.1858
9 3 0.3048
9 4 0.4686
9 5 0.2441
9 6 0.3128
9 7 0.3755
9 8 0.7866
9 9 1.0000
9 10 0.6808
9 11 0.1720
9 12 0.3797
9 13 0.3628
9 14 0.3529
9 15 0.0685
10 0 0.0280
10 1 0.0941
10 2 0.1384
10 3 0.2945
10 4 0.3281
10 5 0.2416
10 6 0.1342
10 7 0.2237
10 8 0.8517
10 9 0.6808
10 10 1.0000
10 11 0.2838
10 12 0.4117
10 13 0.5084
10 14 0.4550
10 15 0.0819
11 0 0.1922
11 1 -0.0420
11 2 0.0119
11 3 0.0104
11 4 0.0760
11 5 0.0528
11 6 0.0704
11 7 0.0465
11 8 0.2300
11 9 0.1720
11 10 0.2838
11 11 1.0000
11 12 0.2901
11 13 0.2486
11 14 0.2108
11 15 -0.0777
12 0 0.1931
12 1 0.1980
12 2 0.1765
12 3 0.1573
12 4 0.1505
12 5 0.1984
12 6 0.0344
12 7 0.1986
12 8 0.3797
12 9 0.3797
12 10 0.4117
12 11 0.2901
12 12 1.0000
12 13 0.8901
12 14 0.3100
12 15 0.2511
13 0 0.0284
13 1 0.2007
13 2 0.3285
13 3 0.1467
13 4 0.0137
13 5 0.2872
13 6 -0.1224
13 7 0.0742
13 8 0.4084
13 9 0.3628
13 10 0.5084
13 11 0.2486
13 12 0.8901
13 13 1.0000
13 14 0.3727
13 15 0.2853
14 0 -0.0451
14 1 0.0187
14 2 0.0206
14 3 0.1961
14 4 0.1015
14 5 0.1585
14 6 -0.0817
14 7 -0.0753
14 8 0.4553
14 9 0.3529
14 10 0.4550
14 11 0.2108
14 12 0.3100
14 13 0.3727
14 14 1.0000
14 15 0.1159
15 0 -0.0964
15 1 0.1010
15 2 0.2186
15 3 -0.0137
15 4 -0.0056
15 5 0.1423
15 6 -0.0255
15 7 -0.0455
15 8 0.0565
15 9 0.0685
15 10 0.0819
15 11 -0.0777
15 12 0.2511
15 13 0.2853
15 14 0.1159
15 15 1.0000
