# 20号胶(NR) 月度价格指数 2021-01=100
2021.0821 100.0000
2021.1573 105.8346
2021.2488 109.3216
2021.3294 102.5513
2021.4155 103.8376
2021.4961 98.8680
2021.5821 99.9280
2021.6655 105.2931
2021.7461 101.8893
2021.8321 110.2373
2021.9127 108.2166
2021.9988 106.4237
2022.0821 110.0766
2022.1573 110.5234
2022.2488 105.8551
2022.3294 103.8693
2022.4155 103.4465
2022.4961 105.6852
2022.5821 101.3591
2022.6655 96.0728
2022.7461 90.1091
2022.8321 88.9383
2022.9127 89.0259
2022.9988 91.3507
2023.0821 92.8531
2023.1573 93.5262
2023.2488 90.8902
2023.3294 89.6946
2023.4155 89.4860
2023.4961 90.0161
2023.5821 89.0704
2023.6655 89.4138
2023.7461 100.5325
2023.8321 103.4368
2023.9127 100.0066
2023.9988 97.5691
2024.0821 103.9980
2024.16 106.2986
2024.2488 112.0175
2024.3294 110.4276
2024.4155 114.8672
2024.4961 119.8755
2024.5821 114.1245
2024.6655 117.9808
2024.7461 126.5818
2024.8321 133.2041
2024.9127 133.4543
2024.9988 139.8084
2025.0821 137.3118
2025.1573 140.7371
2025.2488 137.5736
2025.3294 118.9169
2025.4155 118.0858
2025.4961 112.3987
2025.5821 116.6995
2025.6655 117.3111
2025.7461 117.6772
2025.8321 115.3803
2025.9127 114.0895
2025.9988 115.5785
2026.0821 121.0607
2026.1573 125.0813
2026.2488 125.9466
2026.3294 131.7439
2026.4155 139.8055
2026.4961 142.6959
2026.5821 136.1180
2026.6655 141.2768
2026.7461 151.6928
