# 玉米淀粉(CS) 月度均价 元/吨
2014.9988 2730.3750
2015.0821 2689.9500
2015.1573 2818.9333
2015.2488 2958.1818
2015.3294 2971.4762
2015.4155 2986.7500
2015.4961 2877.8571
2015.5821 2777.6957
2015.6655 2383.6667
2015.7461 2282.8500
2015.8321 1970.5625
2015.9127 2096.6667
2015.9988 2087.0870
2016.0821 2091.5000
2016.16 2105.9375
2016.2488 2035.2609
2016.3294 2039.6000
2016.4155 2109.3333
2016.4961 2205.1000
2016.5821 1876.0000
2016.6655 1808.4348
2016.7461 1671.4500
2016.8321 1748.9375
2016.9127 1853.7273
2016.9988 1847.4545
2017.0821 1800.3333
2017.1573 1845.8333
2017.2488 1966.3478
2017.3294 2004.9444
2017.4155 1843.5000
2017.4961 1994.7727
2017.5821 1993.3810
2017.6655 1998.6957
2017.7461 1991.5238
2017.8321 1952.5882
2017.9127 2063.3182
2017.9988 2109.0000
2018.0821 2112.9091
2018.1573 2137.7333
2018.2488 2153.7273
2018.3294 2128.6111
2018.4155 2190.1364
2018.4961 2209.6000
2018.5821 2262.3636
2018.6655 2340.2174
2018.7461 2346.3684
2018.8321 2383.1667
2018.9127 2392.4091
2018.9988 2332.5500
2019.0821 2298.0909
2019.1573 2276.6667
2019.2488 2291.0000
2019.3294 2330.7000
2019.4155 2422.1000
2019.4961 2396.0000
2019.5821 2351.5217
2019.6655 2317.5000
2019.7461 2254.7500
2019.8321 2204.7778
2019.9127 2207.2381
2019.9988 2222.4091
2020.0821 2282.9375
2020.16 2250.8500
2020.2488 2250.5909
2020.3294 2358.8571
2020.4155 2395.1667
2020.4961 2420.9000
2020.5821 2539.3043
2020.6655 2588.3333
2020.7461 2702.4091
2020.8321 2896.3125
2020.9127 2870.8095
2020.9988 2954.6087
2021.0821 3212.9500
2021.1573 3224.6000
2021.2488 3257.8696
2021.3294 3254.2857
2021.4155 3244.7778
2021.4961 3094.3810
2021.5821 2942.4091
2021.6655 2956.5000
2021.7461 2885.7000
2021.8321 3106.7500
2021.9127 3192.7727
2021.9988 3074.3478
2022.0821 3083.0526
2022.1573 3176.8750
2022.2488 3382.5217
2022.3294 3376.6842
2022.4155 3308.6842
2022.4961 3174.4762
2022.5821 3057.1905
2022.6655 3033.0435
2022.7461 3007.7619
2022.8321 2913.5625
2022.9127 3024.5909
2022.9988 2934.2727
2023.0821 3003.1250
2023.1573 2972.0000
2023.2488 3047.5652
2023.3294 2997.8947
2023.4155 2903.4000
2023.4961 2991.5000
2023.5821 3092.8571
2023.6655 3033.0000
2023.7461 2961.1500
2023.8321 2897.7059
2023.9127 2929.7273
2023.9988 2856.9524
2024.0821 2836.7273
2024.16 2885.2667
2024.2488 2871.3333
2024.3294 2825.6000
2024.4155 2848.4000
2024.4961 2878.1053
2024.5821 2855.2609
2024.6655 2731.9545
2024.7461 2613.4737
2024.8321 2611.7222
2024.9127 2590.9524
2024.9988 2488.6364
2025.0821 2504.0556
2025.1573 2582.1111
2025.2488 2672.5714
2025.3294 2675.7143
2025.4155 2689.2105
2025.4961 2699.7500
2025.5821 2676.1739
2025.6655 2568.3810
2025.7461 2477.7273
2025.8321 2421.0588
2025.9127 2497.5500
2025.9988 2523.3478
2026.0821 2545.1500
2026.1573 2593.7857
2026.2488 2732.5455
2026.3294 2775.0000
2026.4155 2684.6667
2026.4961 2705.6667
2026.5821 2669.1739
2026.6655 2573.3810
2026.7461 2499.9444
