# 天然橡胶(RU) 月度价格指数 2021-01=100
2021.0821 100.0000
2021.1573 105.8137
2021.2488 103.1186
2021.3294 96.2349
2021.4155 95.4579
2021.4961 89.8482
2021.5821 91.6920
2021.6655 98.3729
2021.7461 94.6767
2021.8321 102.7656
2021.9127 101.6905
2021.9988 101.3089
2022.0821 102.0182
2022.1573 99.1288
2022.2488 94.3369
2022.3294 91.9988
2022.4155 89.9358
2022.4961 89.9950
2022.5821 85.2388
2022.6655 87.2579
2022.7461 88.8514
2022.8321 86.5571
2022.9127 87.2134
2022.9988 89.2865
2023.0821 90.9499
2023.1573 87.4768
2023.2488 83.2392
2023.3294 81.8280
2023.4155 83.2782
2023.4961 83.1863
2023.5821 84.8857
2023.6655 88.8898
2023.7461 98.3867
2023.8321 100.4105
2023.9127 97.9806
2023.9988 94.4608
2024.0821 95.0836
2024.16 94.1736
2024.2488 100.0818
2024.3294 100.8248
2024.4155 102.0707
2024.4961 105.3617
2024.5821 101.0783
2024.6655 110.7043
2024.7461 120.4756
2024.8321 125.5995
2024.9127 123.4403
2024.9988 126.1076
2025.0821 119.2766
2025.1573 122.4207
2025.2488 118.6643
2025.3294 104.1795
2025.4155 101.5257
2025.4961 95.7754
2025.5821 100.9879
2025.6655 108.4720
2025.7461 109.3354
2025.8321 105.0076
2025.9127 105.2730
2025.9988 106.2211
2026.0821 111.3812
2026.1573 114.5006
2026.2488 115.3546
2026.3294 117.9811
2026.4155 122.6421
2026.4961 121.8016
2026.5821 116.5262
2026.6655 124.8761
2026.7461 132.0861
