# 菜粕(RM) 月度价格指数 2021-01=100
2021.0821 100.0000
2021.1573 99.3030
2021.2488 96.6568
2021.3294 100.6804
2021.4155 102.5441
2021.4961 99.3149
2021.5821 102.5204
2021.6655 100.0465
2021.7461 97.1802
2021.8321 89.6503
2021.9127 90.4690
2021.9988 96.8754
2022.0821 101.0665
2022.1573 119.1608
2022.2488 134.1667
2022.3294 127.3550
2022.4155 125.6170
2022.4961 119.7590
2022.5821 93.8743
2022.6655 96.6863
2022.7461 103.6862
2022.8321 104.2505
2022.9127 104.2530
2022.9988 104.6993
2023.0821 108.4187
2023.1573 108.4849
2023.2488 99.9714
2023.3294 98.1072
2023.4155 101.8974
2023.4961 106.2257
2023.5821 124.6723
2023.6655 122.2346
2023.7461 108.7228
2023.8321 99.3432
2023.9127 99.4921
2023.9988 96.5420
2024.0821 88.3750
2024.16 83.8562
2024.2488 89.1018
2024.3294 92.7398
2024.4155 97.6116
2024.4961 90.6187
2024.5821 85.4292
2024.6655 76.0162
2024.7461 85.3456
2024.8321 82.0900
2024.9127 80.1602
2024.9988 78.3681
2025.0821 81.2878
2025.1573 86.6255
2025.2488 88.5776
2025.3294 90.6662
2025.4155 86.7761
2025.4961 89.1913
2025.5821 90.2328
2025.6655 88.0389
2025.7461 84.7120
2025.8321 80.1940
2025.9127 84.0137
2025.9988 80.1736
2026.0821 78.0530
2026.1573 77.2077
2026.2488 81.3131
2026.3294 79.0423
2026.4155 79.7081
2026.4961 77.3404
2026.5821 78.9047
2026.6655 76.1885
2026.7461 79.8175
