# 白糖(SR) 月度价格指数 2021-01=100
2021.0821 100.0000
2021.1573 101.0953
2021.2488 101.2445
2021.3294 102.1269
2021.4155 106.0022
2021.4961 103.8821
2021.5821 105.4993
2021.6655 109.4272
2021.7461 110.2524
2021.8321 112.1821
2021.9127 113.6467
2021.9988 109.2066
2022.0821 108.9932
2022.1573 107.9060
2022.2488 109.7578
2022.3294 112.3916
2022.4155 111.9866
2022.4961 112.5001
2022.5821 108.9026
2022.6655 105.1854
2022.7461 104.6475
2022.8321 105.4608
2022.9127 106.2109
2022.9988 107.0932
2023.0821 107.2764
2023.1573 111.7294
2023.2488 116.7365
2023.3294 127.3426
2023.4155 131.0920
2023.4961 129.3745
2023.5821 128.5854
2023.6655 128.9667
2023.7461 131.2354
2023.8321 128.4859
2023.9127 129.7005
2023.9988 118.9820
2024.0821 120.0380
2024.16 120.7550
2024.2488 121.2412
2024.3294 119.6710
2024.4155 117.1961
2024.4961 116.1336
2024.5821 116.4002
2024.6655 110.1526
2024.7461 108.3508
2024.8321 111.1918
2024.9127 111.4743
2024.9988 113.1228
2025.0821 110.6196
2025.1573 112.1465
2025.2488 113.4792
2025.3294 112.9124
2025.4155 110.2680
2025.4961 107.8690
2025.5821 109.5732
2025.6655 106.4889
2025.7461 104.0845
2025.8321 102.8469
2025.9127 102.4721
2025.9988 98.8948
2026.0821 98.7324
2026.1573 98.8887
2026.2488 102.0292
2026.3294 101.0966
2026.4155 102.2787
2026.4961 100.3340
2026.5821 98.1861
2026.6655 99.7348
2026.7461 101.8794
