# 豆二(B) 月度均价 元/吨
2007.6655 3708.0000
2007.7461 4033.7500
2007.8321 4264.9444
2007.9127 4422.5455
2007.9988 4474.6667
2008.0821 4700.2273
2008.16 5006.8750
2008.2488 5032.0476
2008.3294 4549.5909
2008.4155 4634.8182
2008.4961 4879.3810
2008.5821 4812.3478
2008.6655 4232.7619
2008.7461 4245.2500
2008.8321 3495.5500
2008.9127 3289.5000
2008.9988 3209.1739
2009.0821 3429.6000
2009.1573 3475.2000
2009.2488 3503.2273
2009.3294 3517.3810
2009.4155 3582.5000
2009.4961 3682.0000
2009.5821 3562.1739
2009.6655 3763.4762
2009.7461 3687.9545
2009.8321 3783.9375
2009.9127 3884.5238
2009.9988 4095.6522
2010.0821 4018.8000
2010.1573 3869.3333
2010.2488 3919.7391
2010.3294 4037.0000
2010.4155 3911.0000
2010.4961 3926.9474
2010.5821 3964.9524
2010.6655 4149.7727
2010.7461 4225.5789
2010.8321 4467.8125
2010.9127 4613.5909
2010.9988 4596.3913
2011.0821 4654.2500
2011.1573 4721.6667
2011.2488 4674.2174
2011.3294 4764.0000
2011.4155 4757.0000
2011.4961 4802.0476
2011.5821 4863.3000
2011.6655 4909.3478
2011.7461 4959.0476
2011.8321 4680.3750
2011.9127 4693.0000
2011.9988 4680.8571
2012.0821 4728.6000
2012.16 4830.7000
2012.2488 4898.9545
2012.3294 5066.6875
2012.4155 4813.0000
2012.4961 4578.3000
2012.5821 4603.1364
2012.6655 4792.6957
2012.7461 4843.5000
2012.8321 4751.6667
2012.9127 4724.0455
2012.9988 4718.0476
2013.0821 4654.3529
2013.1573 4590.4667
2013.2488 4508.0588
2013.3294 4222.2222
2013.4155 4026.9091
2013.4961 4168.2353
2013.5821 4093.9130
2013.6655 4122.1818
2013.7461 4105.7368
2013.8321 4134.2353
2013.9127 4049.8889
2013.9988 4053.5714
2014.0821 4053.8000
2014.1573 3930.3750
2014.2488 3876.2105
2014.3294 3946.4762
2014.4155 4144.1429
2014.4961 4178.2105
2014.5821 3899.8696
2014.6655 3696.6190
2014.7461 3331.2000
2014.8321 3189.5882
2014.9127 3306.4444
2014.9988 3287.4286
2015.0821 3252.6471
2015.1573 3197.6000
2015.2488 3208.9545
2015.3294 3129.1429
2015.4155 3044.7000
2015.4961 2955.7619
2015.5821 2893.5217
2015.6655 2907.1905
2015.7461 3016.8667
2015.8321 3160.9231
2015.9127 3209.5000
2015.9988 3243.6667
2016.0821 3245.9091
2016.16 3277.1000
2016.2488 3217.4706
2016.3294 3345.5556
2016.4155 3478.7647
2016.4961 3968.8750
2016.5821 4049.7059
2016.6655 3837.1111
2016.7461 3748.1250
2016.8321 3772.6364
2016.9127 3876.3500
2016.9988 4012.1053
2017.0821 4091.2308
2017.1573 4081.0000
2017.2488 3959.2500
2017.3294 3891.6250
2017.4155 3919.2222
2017.4961 3238.9091
2017.5821 3311.6190
2017.6655 3289.8261
2017.7461 3275.1905
2017.8321 3266.3125
2017.9127 3301.5909
2017.9988 3315.2381
2018.0821 3245.3636
2018.1573 3373.6667
2018.2488 3389.0455
2018.3294 3596.2778
2018.4155 3423.3636
2018.4961 3384.9500
2018.5821 3463.1364
2018.6655 3561.5652
2018.7461 3233.5789
2018.8321 3313.6111
2018.9127 3147.9091
2018.9988 3023.1500
2019.0821 2929.7727
2019.1573 2925.1333
2019.2488 2869.0000
2019.3294 2800.4000
2019.4155 2947.0000
2019.4961 3129.8947
2019.5821 3039.9565
2019.6655 3265.2273
2019.7461 3262.4500
2019.8321 3338.0556
2019.9127 3254.5238
2019.9988 3219.1364
2020.0821 3187.3125
2020.16 3056.2000
2020.2488 3086.7727
2020.3294 3033.8095
2020.4155 2928.1111
2020.4961 2999.8500
2020.5821 3265.3478
2020.6655 3355.6190
2020.7461 3574.1364
2020.8321 3767.9375
2020.9127 3821.4286
2020.9988 3844.1739
2021.0821 4282.4500
2021.1573 4316.2667
2021.2488 4175.4348
2021.3294 4168.6190
2021.4155 4277.6667
2021.4961 4174.3333
2021.5821 4381.0000
2021.6655 4421.4091
2021.7461 4588.9000
2021.8321 4459.7500
2021.9127 4142.3636
2021.9988 4225.8696
2022.0821 4399.8947
2022.1573 5072.3750
2022.2488 5247.0435
2022.3294 5155.3684
2022.4155 5312.9474
2022.4961 5261.5238
2022.5821 4693.5238
2022.6655 5026.6522
2022.7461 5293.7143
2022.8321 5564.6875
2022.9127 5212.8636
2022.9988 5032.1364
2023.0821 5039.8750
2023.1573 4777.8000
2023.2488 4326.2609
2023.3294 4116.4211
2023.4155 3999.2500
2023.4961 4133.9500
2023.5821 4676.3810
2023.6655 5082.3913
2023.7461 4947.7000
2023.8321 4464.1765
2023.9127 4535.1818
2023.9988 4383.0952
2024.0821 3984.0455
2024.16 3619.4667
2024.2488 3805.8571
2024.3294 3808.3500
2024.4155 4121.9500
2024.4961 3937.8421
2024.5821 3752.0435
2024.6655 3517.2727
2024.7461 3663.6842
2024.8321 3659.7222
2024.9127 3689.3810
2024.9988 3418.5455
2025.0821 3370.3333
2025.1573 3545.5556
2025.2488 3515.0476
2025.3294 3609.6190
2025.4155 3549.5789
2025.4961 3648.6500
2025.5821 3640.8261
2025.6655 3778.3333
2025.7461 3692.0000
2025.8321 3638.9412
2025.9127 3749.3500
2025.9988 3631.0000
2026.0821 3501.4500
2026.1573 3510.0000
2026.2488 3756.0000
2026.3294 3643.2381
2026.4155 3598.5556
2026.4961 3586.5714
2026.5821 3795.6957
2026.6655 3934.0476
2026.7461 4134.1667
