# 粳米(RR) 月度均价 元/吨
2019.6655 3645.5455
2019.7461 3649.4500
2019.8321 3631.5000
2019.9127 3608.3810
2019.9988 3407.0455
2020.0821 3343.0625
2020.16 3427.3000
2020.2488 3432.1818
2020.3294 3500.0476
2020.4155 3425.9444
2020.4961 3440.3000
2020.5821 3455.9565
2020.6655 3474.8095
2020.7461 3461.4545
2020.8321 3462.8125
2020.9127 3572.0952
2020.9988 3611.9565
2021.0821 3685.3000
2021.1573 3646.6000
2021.2488 3617.3478
2021.3294 3620.6190
2021.4155 3597.3889
2021.4961 3531.8095
2021.5821 3524.2727
2021.6655 3529.0455
2021.7461 3497.5500
2021.8321 3428.5000
2021.9127 3453.7727
2021.9988 3357.3478
2022.0821 3346.6316
2022.1573 3445.7500
2022.2488 3440.7391
2022.3294 3389.0526
2022.4155 3421.8421
2022.4961 3348.1429
2022.5821 3345.5714
2022.6655 3377.7826
2022.7461 3400.9524
2022.8321 3385.9375
2022.9127 3396.6818
2022.9988 3373.9091
2023.0821 3343.6250
2023.1573 3371.2000
2023.2488 3366.0000
2023.3294 3417.7895
2023.4155 3420.6500
2023.4961 3477.1000
2023.5821 3524.7143
2023.6655 3562.1304
2023.7461 3585.2500
2023.8321 3522.4118
2023.9127 3543.8636
2023.9988 3521.9048
2024.0821 3527.1364
2024.16 3461.0667
2024.2488 3511.1429
2024.3294 3599.8500
2024.4155 3530.7500
2024.4961 3490.2632
2024.5821 3492.2174
2024.6655 3503.5909
2024.7461 3489.4211
2024.8321 3500.8333
2024.9127 3498.0952
2024.9988 3427.8182
2025.0821 3503.7778
2025.1573 3540.1667
2025.2488 3498.2381
2025.3294 3537.3333
2025.4155 3618.9474
2025.4961 3608.0500
2025.5821 3604.5217
2025.6655 3613.2857
2025.7461 3611.4091
2025.8321 3591.7647
2025.9127 3588.1000
2025.9988 3604.3913
2026.0821 3613.5500
2026.1573 3613.3571
2026.2488 3600.3182
2026.3294 3595.0952
2026.4155 3562.6667
2026.4961 3585.0476
2026.5821 3581.3478
2026.6655 3609.3810
2026.7461 3598.6111
