# 鸡蛋(JD) 月度均价 元/吨
2013.9127 4045.6000
2013.9988 4070.5455
2014.0821 3807.7000
2014.1573 3758.4375
2014.2488 4318.6842
2014.3294 4772.5714
2014.4155 5059.7143
2014.4961 5149.3500
2014.5821 5246.6957
2014.6655 4737.1905
2014.7461 4527.6190
2014.8321 4745.4444
2014.9127 4639.5500
2014.9988 4423.7826
2015.0821 4183.5500
2015.1573 4149.6667
2015.2488 4159.5909
2015.3294 4407.8571
2015.4155 4386.0500
2015.4961 4125.6190
2015.5821 4198.3478
2015.6655 4097.0476
2015.7461 3863.9524
2015.8321 3661.8889
2015.9127 3670.6667
2015.9988 3230.1739
2016.0821 3230.2000
2016.16 3118.8125
2016.2488 3298.8261
2016.3294 3915.5500
2016.4155 3899.2857
2016.4961 3920.7500
2016.5821 4056.0476
2016.6655 3441.3913
2016.7461 3362.1500
2016.8321 3497.3125
2016.9127 3639.4545
2016.9988 3495.2727
2017.0821 3402.4211
2017.1573 3319.3333
2017.2488 3243.6087
2017.3294 3620.3333
2017.4155 3600.6000
2017.4961 3824.0909
2017.5821 3937.7143
2017.6655 4360.5652
2017.7461 4166.0476
2017.8321 4249.4118
2017.9127 4418.9545
2017.9988 3846.9524
2018.0821 3707.1818
2018.1573 3709.1333
2018.2488 3532.7273
2018.3294 3943.7778
2018.4155 4103.4545
2018.4961 4148.9000
2018.5821 4126.6364
2018.6655 3906.4348
2018.7461 3882.5789
2018.8321 4220.1667
2018.9127 4250.9091
2018.9988 3627.3500
2019.0821 3414.7273
2019.1573 3368.4000
2019.2488 3461.6190
2019.3294 4132.4500
2019.4155 4369.5500
2019.4961 4440.8947
2019.5821 4629.8696
2019.6655 4282.7273
2019.7461 4459.1000
2019.8321 4620.8889
2019.9127 4519.5714
2019.9988 3863.3182
2020.0821 3482.1875
2020.16 3399.9500
2020.2488 3205.0000
2020.3294 3218.9524
2020.4155 2842.3333
2020.4961 3373.8500
2020.5821 4030.3913
2020.6655 3728.9048
2020.7461 3457.7727
2020.8321 3745.6875
2020.9127 3835.6667
2020.9988 4004.6522
2021.0821 4378.1500
2021.1573 4528.1333
2021.2488 4396.7391
2021.3294 4658.9524
2021.4155 4831.1667
2021.4961 4775.4762
2021.5821 4629.0909
2021.6655 4454.8636
2021.7461 4371.4000
2021.8321 4544.8750
2021.9127 4525.8636
2021.9988 4165.4783
2022.0821 4106.6842
2022.1573 4261.2500
2022.2488 4336.7826
2022.3294 4768.1053
2022.4155 4765.1053
2022.4961 4658.4762
2022.5821 4348.2381
2022.6655 4125.6522
2022.7461 4284.1429
2022.8321 4439.7500
2022.9127 4337.0455
2022.9988 4314.7273
2023.0821 4392.5000
2023.1573 4389.8000
2023.2488 4367.1739
2023.3294 4287.0000
2023.4155 4144.5000
2023.4961 4115.9500
2023.5821 4231.1429
2023.6655 4303.6522
2023.7461 4484.9500
2023.8321 4327.8824
2023.9127 4317.7727
2023.9988 3842.3810
2024.0821 3359.6818
2024.16 3369.8667
2024.2488 3493.0000
2024.3294 3652.0500
2024.4155 3993.4000
2024.4961 3964.0526
2024.5821 3999.5652
2024.6655 3864.0909
2024.7461 3587.9474
2024.8321 3517.0000
2024.9127 3578.4762
2024.9988 3542.7727
2025.0821 3260.8333
2025.1573 3245.8333
2025.2488 3088.6190
2025.3294 2994.9048
2025.4155 2954.4737
2025.4961 3559.2500
2025.5821 3589.4783
2025.6655 3162.5238
2025.7461 3047.4091
2025.8321 2984.2941
2025.9127 3247.1500
2025.9988 2997.8696
2026.0821 3031.0000
2026.1573 3113.5000
2026.2488 3419.2727
2026.3294 3295.4286
2026.4155 4422.5000
2026.4961 4603.0000
2026.5821 4346.4783
2026.6655 3872.1429
2026.7461 3802.2778
