# 纸浆(SP) 月度价格指数 2021-01=100
2021.0821 100.0000
2021.1573 110.5093
2021.2488 115.1301
2021.3294 115.2802
2021.4155 110.0552
2021.4961 96.9963
2021.5821 100.6538
2021.6655 100.1381
2021.7461 98.0850
2021.8321 85.0193
2021.9127 81.5111
2021.9988 92.8900
2022.0821 98.5528
2022.1573 103.9350
2022.2488 111.4596
2022.3294 112.9299
2022.4155 116.4082
2022.4961 111.2449
2022.5821 107.5362
2022.6655 109.0684
2022.7461 108.6916
2022.8321 108.5462
2022.9127 109.7809
2022.9988 111.0833
2023.0821 105.2691
2023.1573 106.8828
2023.2488 96.4322
2023.3294 86.6217
2023.4155 83.2009
2023.4961 82.3371
2023.5821 85.5879
2023.6655 87.4791
2023.7461 94.8127
2023.8321 98.6413
2023.9127 95.2228
2023.9988 90.8060
2024.0821 92.1692
2024.16 91.7471
2024.2488 96.5842
2024.3294 100.4343
2024.4155 101.2051
2024.4961 95.9956
2024.5821 92.1445
2024.6655 92.5757
2024.7461 92.9474
2024.8321 93.4924
2024.9127 93.7455
2024.9988 93.6916
2025.0821 96.3288
2025.1573 97.3936
2025.2488 93.4005
2025.3294 86.3068
2025.4155 85.3178
2025.4961 83.2618
2025.5821 84.0581
2025.6655 82.8697
2025.7461 80.3369
2025.8321 82.5313
2025.9127 85.7264
2025.9988 88.3486
2026.0821 87.1126
2026.1573 84.4021
2026.2488 83.4268
2026.3294 81.2153
2026.4155 80.6705
2026.4961 77.2106
2026.5821 76.5193
2026.6655 75.7592
2026.7461 77.5919
