# 豆一(A) 月度价格指数 2021-01=100
2021.0821 100.0000
2021.1573 100.9673
2021.2488 103.1674
2021.3294 100.6192
2021.4155 104.2386
2021.4961 99.1939
2021.5821 100.5828
2021.6655 100.6649
2021.7461 102.3817
2021.8321 106.6988
2021.9127 109.6628
2021.9988 103.7233
2022.0821 103.0304
2022.1573 107.4642
2022.2488 108.2649
2022.3294 107.5197
2022.4155 108.9570
2022.4961 106.5447
2022.5821 101.3902
2022.6655 105.9205
2022.7461 102.6112
2022.8321 99.4450
2022.9127 97.3106
2022.9988 93.1240
2023.0821 92.7861
2023.1573 96.9017
2023.2488 95.0775
2023.3294 88.1355
2023.4155 87.3863
2023.4961 87.5957
2023.5821 88.6591
2023.6655 88.9445
2023.7461 89.3745
2023.8321 86.0682
2023.9127 86.8109
2023.9988 85.2741
2024.0821 83.1968
2024.16 81.1623
2024.2488 81.6029
2024.3294 81.8256
2024.4155 80.8919
2024.4961 80.3099
2024.5821 79.7774
2024.6655 76.6216
2024.7461 73.6931
2024.8321 69.0906
2024.9127 68.5467
2024.9988 66.9115
2025.0821 68.7673
2025.1573 70.8712
2025.2488 69.5882
2025.3294 71.9524
2025.4155 72.4222
2025.4961 72.6854
2025.5821 72.1723
2025.6655 70.1441
2025.7461 68.3715
2025.8321 70.3436
2025.9127 71.6336
2025.9988 71.6308
2026.0821 75.5292
2026.1573 78.5777
2026.2488 82.3701
2026.3294 83.8124
2026.4155 83.2525
2026.4961 82.3730
2026.5821 82.0698
2026.6655 85.8449
2026.7461 87.3831
