# 豆粕(M) 月度均价 元/吨
2005.0821 2150.3000
2005.1573 2214.5385
2005.2488 2642.4783
2005.3294 2612.9524
2005.4155 2596.1176
2005.4961 2743.7727
2005.5821 2648.3810
2005.6655 2482.0435
2005.7461 2449.0909
2005.8321 2429.6875
2005.9127 2298.9091
2005.9988 2285.7727
2006.0821 2340.1000
2006.1573 2361.6471
2006.2488 2306.3043
2006.3294 2211.2500
2006.4155 2354.0556
2006.4961 2330.2273
2006.5821 2336.2857
2006.6655 2251.9565
2006.7461 2230.0000
2006.8321 2335.9412
2006.9127 2438.4091
2006.9988 2328.4286
2007.0821 2471.0000
2007.1573 2657.2000
2007.2488 2669.2273
2007.3294 2553.3333
2007.4155 2581.2778
2007.4961 2537.9048
2007.5821 2614.4286
2007.6655 2797.3043
2007.7461 3143.0500
2007.8321 3235.7778
2007.9127 3365.0455
2007.9988 3301.4762
2008.0821 3378.8182
2008.16 3502.0625
2008.2488 3408.4286
2008.3294 3253.7727
2008.4155 3576.4091
2008.4961 3992.5238
2008.5821 3916.3913
2008.6655 3489.9524
2008.7461 3444.0500
2008.8321 2795.9500
2008.9127 2489.1000
2008.9988 2276.9565
2009.0821 2652.0000
2009.1573 2665.4000
2009.2488 2597.4091
2009.3294 2807.5714
2009.4155 2858.5263
2009.4961 2946.3182
2009.5821 2838.6087
2009.6655 2915.2857
2009.7461 2754.4091
2009.8321 2839.8125
2009.9127 2897.7143
2009.9988 2990.6087
2010.0821 2912.4000
2010.1573 2773.4667
2010.2488 2807.2609
2010.3294 2874.8095
2010.4155 2863.7500
2010.4961 2805.4211
2010.5821 2887.8182
2010.6655 3004.7273
2010.7461 3124.7500
2010.8321 3372.2941
2010.9127 3333.9091
2010.9988 3327.8696
2011.0821 3456.6000
2011.1573 3461.4667
2011.2488 3373.8696
2011.3294 3379.0526
2011.4155 3319.7619
2011.4961 3339.4286
2011.5821 3352.0476
2011.6655 3327.9565
2011.7461 3236.9524
2011.8321 3003.8125
2011.9127 2879.4091
2011.9988 2850.5714
2012.0821 2938.4000
2012.16 3043.9048
2012.2488 3200.2727
2012.3294 3362.8824
2012.4155 3199.1364
2012.4961 3308.4000
2012.5821 3773.0455
2012.6655 4017.1304
2012.7461 4130.2000
2012.8321 3784.4444
2012.9127 3385.5909
2012.9988 3367.1429
2013.0821 3366.1000
2013.1573 3404.2667
2013.2488 3313.0952
2013.3294 3150.6667
2013.4155 3276.7273
2013.4961 3221.0000
2013.5821 3215.3478
2013.6655 3346.1818
2013.7461 3640.5789
2013.8321 3614.6316
2013.9127 3261.9500
2013.9988 3366.3182
2014.0821 3326.8500
2014.1573 3375.1875
2014.2488 3312.1053
2014.3294 3544.6190
2014.4155 3710.6190
2014.4961 3648.4500
2014.5821 3247.7826
2014.6655 3226.0952
2014.7461 2887.8571
2014.8321 2890.6667
2014.9127 2912.9000
2014.9988 2878.0000
2015.0821 2743.3000
2015.1573 2761.9333
2015.2488 2793.3182
2015.3294 2734.1429
2015.4155 2646.4500
2015.4961 2541.1429
2015.5821 2713.8696
2015.6655 2710.3810
2015.7461 2682.6190
2015.8321 2630.2222
2015.9127 2421.1429
2015.9988 2355.7391
2016.0821 2409.3000
2016.16 2396.3750
2016.2488 2331.8261
2016.3294 2488.3500
2016.4155 2792.9048
2016.4961 3211.4000
2016.5821 3136.4762
2016.6655 2968.8261
2016.7461 2913.3500
2016.8321 2869.9375
2016.9127 2885.2273
2016.9988 2874.0455
2017.0821 2859.6316
2017.1573 2928.0556
2017.2488 2869.6522
2017.3294 2804.5000
2017.4155 2784.3500
2017.4961 2667.2273
2017.5821 2839.0952
2017.6655 2751.8261
2017.7461 2740.1905
2017.8321 2818.7647
2017.9127 2827.2273
2017.9988 2828.0952
2018.0821 2773.2727
2018.1573 2861.3333
2018.2488 3061.0455
2018.3294 3217.0556
2018.4155 3059.1818
2018.4961 3006.8000
2018.5821 3164.2273
2018.6655 3183.3913
2018.7461 3185.2105
2018.8321 3415.2222
2018.9127 3055.9091
2018.9988 2671.0500
2019.0821 2606.5909
2019.1573 2559.0000
2019.2488 2532.8095
2019.3294 2608.9500
2019.4155 2746.2000
2019.4961 2906.3684
2019.5821 2806.7826
2019.6655 2898.6818
2019.7461 2881.9500
2019.8321 2993.2222
2019.9127 2882.8571
2019.9988 2754.2273
2020.0821 2700.6250
2020.16 2645.9000
2020.2488 2793.6818
2020.3294 2784.1429
2020.4155 2754.7222
2020.4961 2813.7500
2020.5821 2916.3478
2020.6655 2899.9048
2020.7461 3049.1818
2020.8321 3249.3125
2020.9127 3209.1429
2020.9988 3204.3043
2021.0821 3565.2500
2021.1573 3493.4667
2021.2488 3299.5217
2021.3294 3546.8095
2021.4155 3599.1667
2021.4961 3500.6667
2021.5821 3621.1364
2021.6655 3566.4091
2021.7461 3511.2500
2021.8321 3266.8125
2021.9127 3171.3636
2021.9988 3166.9565
2022.0821 3242.7368
2022.1573 3795.9375
2022.2488 4164.0870
2022.3294 3962.4737
2022.4155 4083.1053
2022.4961 4061.6667
2022.5821 3888.5714
2022.6655 3837.6522
2022.7461 3972.7143
2022.8321 4058.6250
2022.9127 4212.8636
2022.9988 4091.4545
2023.0821 3869.8750
2023.1573 3857.2000
2023.2488 3674.6957
2023.3294 3531.6842
2023.4155 3475.4500
2023.4961 3609.7500
2023.5821 4099.3810
2023.6655 4164.5217
2023.7461 4026.9500
2023.8321 3882.8235
2023.9127 4020.3182
2023.9988 3532.3333
2024.0821 3091.4545
2024.16 3008.6000
2024.2488 3233.7619
2024.3294 3341.3000
2024.4155 3559.2500
2024.4961 3414.8421
2024.5821 3197.7826
2024.6655 2977.3636
2024.7461 3078.9474
2024.8321 2993.1111
2024.9127 2911.9524
2024.9988 2658.9545
2025.0821 2748.7778
2025.1573 2898.9444
2025.2488 2894.1905
2025.3294 3038.0000
2025.4155 2925.7895
2025.4961 3013.2000
2025.5821 2994.6522
2025.6655 3095.6190
2025.7461 3019.2273
2025.8321 2930.4706
2025.9127 3032.6500
2025.9988 2775.5217
2026.0821 2763.5500
2026.1573 2769.3571
2026.2488 2970.7273
2026.3294 2977.7619
2026.4155 3003.1111
2026.4961 2945.7619
2026.5821 3076.6087
2026.6655 3206.5238
2026.7461 3407.0000
