# 20号胶(NR) 月度均价 元/吨
2019.6655 9921.3333
2019.7461 10130.5000
2019.8321 9936.6667
2019.9127 10441.1905
2019.9988 10962.9545
2020.0821 10833.4375
2020.16 9589.7500
2020.2488 8551.3636
2020.3294 8047.1429
2020.4155 8398.0556
2020.4961 8810.0000
2020.5821 8753.9130
2020.6655 9401.9048
2020.7461 9437.2727
2020.8321 10658.1250
2020.9127 10587.6190
2020.9988 10519.3478
2021.0821 10704.7500
2021.1573 11329.3333
2021.2488 11702.6087
2021.3294 10977.8571
2021.4155 11115.5556
2021.4961 10583.5714
2021.5821 10697.0455
2021.6655 11271.3636
2021.7461 10907.0000
2021.8321 11800.6250
2021.9127 11584.3182
2021.9988 11392.3913
2022.0821 11783.4211
2022.1573 11831.2500
2022.2488 11331.5217
2022.3294 11118.9474
2022.4155 11073.6842
2022.4961 11313.3333
2022.5821 10850.2381
2022.6655 10284.3478
2022.7461 9645.9524
2022.8321 9520.6250
2022.9127 9530.0000
2022.9988 9778.8636
2023.0821 9939.6875
2023.1573 10011.7500
2023.2488 9729.5652
2023.3294 9601.5789
2023.4155 9579.2500
2023.4961 9636.0000
2023.5821 9534.7619
2023.6655 9571.5217
2023.7461 10761.7500
2023.8321 11072.6471
2023.9127 10705.4545
2023.9988 10444.5238
2024.0821 11132.7273
2024.16 11379.0000
2024.2488 11991.1905
2024.3294 11821.0000
2024.4155 12296.2500
2024.4961 12832.3684
2024.5821 12216.7391
2024.6655 12629.5455
2024.7461 13550.2632
2024.8321 14259.1667
2024.9127 14285.9524
2024.9988 14966.1364
2025.0821 14698.8889
2025.1573 15065.5556
2025.2488 14726.9048
2025.3294 12729.7619
2025.4155 12640.7895
2025.4961 12032.0000
2025.5821 12492.3913
2025.6655 12557.8571
2025.7461 12597.0455
2025.8321 12351.1765
2025.9127 12213.0000
2025.9988 12372.3913
2026.0821 12959.2500
2026.1573 13389.6429
2026.2488 13482.2727
2026.3294 14102.8571
2026.4155 14965.8333
2026.4961 15275.2381
2026.5821 14571.0870
2026.6655 15123.3333
2026.7461 16238.3333
