# 生猪(LH) 月度价格指数 2021-01=100
2021.0821 100.0000
2021.1573 107.7257
2021.2488 111.3207
2021.3294 107.6216
2021.4155 96.0369
2021.4961 75.9985
2021.5821 73.5167
2021.6655 67.4169
2021.7461 58.3008
2021.8321 63.4095
2021.9127 64.5035
2021.9988 57.9673
2022.0821 54.3063
2022.1573 56.4152
2022.2488 51.8904
2022.3294 60.7089
2022.4155 75.2321
2022.4961 77.1351
2022.5821 85.2283
2022.6655 88.0982
2022.7461 90.3701
2022.8321 91.7757
2022.9127 84.0890
2022.9988 70.2360
2023.0821 60.0272
2023.1573 63.7264
2023.2488 63.4420
2023.3294 62.4726
2023.4155 61.9264
2023.4961 62.7226
2023.5821 61.6806
2023.6655 67.5894
2023.7461 66.3719
2023.8321 64.2959
2023.9127 61.6700
2023.9988 55.5020
2024.0821 54.3667
2024.16 55.9453
2024.2488 60.1752
2024.3294 69.0936
2024.4155 71.2245
2024.4961 70.3696
2024.5821 71.8726
2024.6655 72.8395
2024.7461 69.9078
2024.8321 61.3134
2024.9127 60.8470
2024.9988 53.8198
2025.0821 51.0996
2025.1573 51.4860
2025.2488 52.8686
2025.3294 55.5961
2025.4155 54.2990
2025.4961 54.3492
2025.5821 56.2904
2025.6655 54.9356
2025.7461 51.6482
2025.8321 47.8770
2025.9127 46.0519
2025.9988 45.0215
2026.0821 46.0242
2026.1573 45.5901
2026.2488 41.9848
2026.3294 41.1784
2026.4155 43.5158
2026.4961 47.2093
2026.5821 46.2474
2026.6655 47.7522
2026.7461 44.9735
