# 花生(PK) 月度价格指数 2021-01=100
2021.1573 100.0000
2021.2488 102.1262
2021.3294 99.5215
2021.4155 97.7164
2021.4961 88.6899
2021.5821 87.2299
2021.6655 85.8212
2021.7461 81.4233
2021.8321 83.3550
2021.9127 82.1512
2021.9988 77.5966
2022.0821 76.0592
2022.1573 77.0020
2022.2488 83.8500
2022.3294 88.8667
2022.4155 97.2753
2022.4961 95.9282
2022.5821 90.2065
2022.6655 91.2503
2022.7461 99.4425
2022.8321 103.2599
2022.9127 101.8309
2022.9988 97.1828
2023.0821 98.4793
2023.1573 103.7132
2023.2488 100.5053
2023.3294 99.0158
2023.4155 94.1946
2023.4961 93.5198
2023.5821 97.2787
2023.6655 98.6589
2023.7461 95.8738
2023.8321 89.3441
2023.9127 85.5405
2023.9988 84.1209
2024.0821 84.3353
2024.16 85.8141
2024.2488 87.2848
2024.3294 88.2487
2024.4155 87.1642
2024.4961 84.9042
2024.5821 83.9701
2024.6655 83.0029
2024.7461 77.5510
2024.8321 77.0435
2024.9127 76.5058
2024.9988 74.7255
2025.0821 75.8183
2025.1573 77.5348
2025.2488 78.0570
2025.3294 77.3654
2025.4155 78.7427
2025.4961 78.8092
2025.5821 77.8701
2025.6655 75.5855
2025.7461 74.3201
2025.8321 75.0008
2025.9127 75.3078
2025.9988 76.4248
2026.0821 75.9359
2026.1573 75.8528
2026.2488 77.1392
2026.3294 79.2233
2026.4155 78.2993
2026.4961 79.4738
2026.5821 79.2764
2026.6655 77.5905
2026.7461 75.7802
