# 菜粕(RM) 月度均价 元/吨
2012.9988 2369.0000
2013.0821 2521.4500
2013.1573 2533.8000
2013.2488 2444.0476
2013.3294 2375.5000
2013.4155 2314.8636
2013.4961 2248.2941
2013.5821 2252.6522
2013.6655 2348.8636
2013.7461 2421.9474
2013.8321 2429.1579
2013.9127 2411.0500
2013.9988 2520.4545
2014.0821 2582.4500
2014.1573 2543.0625
2014.2488 2550.9474
2014.3294 2745.0000
2014.4155 2982.4500
2014.4961 3046.3500
2014.5821 2750.9130
2014.6655 2378.2857
2014.7461 2192.5238
2014.8321 2216.0000
2014.9127 2263.1000
2014.9988 2268.8696
2015.0821 2165.5000
2015.1573 2220.5625
2015.2488 2254.6364
2015.3294 2202.5238
2015.4155 2156.1000
2015.4961 2067.0476
2015.5821 2225.5652
2015.6655 2083.4762
2015.7461 2019.4500
2015.8321 1972.4118
2015.9127 1869.5714
2015.9988 1888.0870
2016.0821 1924.9500
2016.16 1910.1250
2016.2488 1934.0435
2016.3294 2074.8500
2016.4155 2288.5238
2016.4961 2653.6000
2016.5821 2603.3333
2016.6655 2369.1304
2016.7461 2240.6000
2016.8321 2235.2500
2016.9127 2324.1818
2016.9988 2388.8182
2017.0821 2376.8889
2017.1573 2448.6667
2017.2488 2394.7826
2017.3294 2390.7222
2017.4155 2373.3500
2017.4961 2233.3636
2017.5821 2342.1905
2017.6655 2186.7391
2017.7461 2183.2857
2017.8321 2245.0588
2017.9127 2265.2727
2017.9988 2330.8571
2018.0821 2293.4545
2018.1573 2383.3333
2018.2488 2517.0909
2018.3294 2656.1111
2018.4155 2532.1364
2018.4961 2438.2000
2018.5821 2524.8182
2018.6655 2464.4783
2018.7461 2389.2632
2018.8321 2558.4444
2018.9127 2314.8182
2018.9988 2174.7500
2019.0821 2137.7273
2019.1573 2139.9333
2019.2488 2195.2381
2019.3294 2208.8421
2019.4155 2359.9000
2019.4961 2528.7895
2019.5821 2428.8696
2019.6655 2416.0455
2019.7461 2289.5500
2019.8321 2352.5556
2019.9127 2214.7619
2019.9988 2268.3636
2020.0821 2286.3125
2020.16 2261.4500
2020.2488 2370.1818
2020.3294 2361.1429
2020.4155 2329.6111
2020.4961 2342.8000
2020.5821 2392.5217
2020.6655 2329.8571
2020.7461 2386.2273
2020.8321 2494.0625
2020.9127 2519.4286
2020.9988 2603.8696
2021.0821 2943.4500
2021.1573 2922.9333
2021.2488 2845.0435
2021.3294 2963.4762
2021.4155 3018.3333
2021.4961 2923.2857
2021.5821 3017.6364
2021.6655 2944.8182
2021.7461 2860.4500
2021.8321 2638.8125
2021.9127 2662.9091
2021.9988 2851.4783
2022.0821 2974.8421
2022.1573 3507.4375
2022.2488 3949.1304
2022.3294 3748.6316
2022.4155 3697.4737
2022.4961 3525.0476
2022.5821 2763.1429
2022.6655 2845.9130
2022.7461 3051.9524
2022.8321 3068.5625
2022.9127 3068.6364
2022.9988 3081.7727
2023.0821 3191.2500
2023.1573 3193.2000
2023.2488 2942.6087
2023.3294 2887.7368
2023.4155 2999.3000
2023.4961 3126.7000
2023.5821 3669.6667
2023.6655 3597.9130
2023.7461 3200.2000
2023.8321 2924.1176
2023.9127 2928.5000
2023.9988 2841.6667
2024.0821 2601.2727
2024.16 2468.2667
2024.2488 2622.6667
2024.3294 2729.7500
2024.4155 2873.1500
2024.4961 2667.3158
2024.5821 2514.5652
2024.6655 2237.5000
2024.7461 2512.1053
2024.8321 2416.2778
2024.9127 2359.4762
2024.9988 2306.7273
2025.0821 2392.6667
2025.1573 2549.7778
2025.2488 2607.2381
2025.3294 2668.7143
2025.4155 2554.2105
2025.4961 2625.3000
2025.5821 2655.9565
2025.6655 2591.3810
2025.7461 2493.4545
2025.8321 2360.4706
2025.9127 2472.9000
2025.9988 2359.8696
2026.0821 2297.4500
2026.1573 2272.5714
2026.2488 2393.4091
2026.3294 2326.5714
2026.4155 2346.1667
2026.4961 2276.4762
2026.5821 2322.5217
2026.6655 2242.5714
2026.7461 2349.3889
