# 棕榈油(P) 月度价格指数 2021-01=100
2021.0821 100.0000
2021.1573 102.3601
2021.2488 112.5824
2021.3294 107.9113
2021.4155 115.7429
2021.4961 106.7406
2021.5821 117.0686
2021.6655 123.2912
2021.7461 123.0896
2021.8321 139.6749
2021.9127 139.0504
2021.9988 124.7699
2022.0821 134.2699
2022.1573 153.2847
2022.2488 170.7356
2022.3294 161.5304
2022.4155 170.8342
2022.4961 156.8221
2022.5821 118.2848
2022.6655 123.5727
2022.7461 112.5704
2022.8321 116.0529
2022.9127 121.0801
2022.9988 116.3231
2023.0821 115.9433
2023.1573 117.2562
2023.2488 113.8915
2023.3294 108.6665
2023.4155 99.4928
2023.4961 100.2426
2023.5821 110.9905
2023.6655 110.8284
2023.7461 108.9350
2023.8321 105.2764
2023.9127 108.0994
2023.9988 104.1374
2024.0821 106.3281
2024.16 106.0025
2024.2488 116.8217
2024.3294 113.2337
2024.4155 110.9258
2024.4961 111.8806
2024.5821 114.6579
2024.6655 113.2045
2024.7461 118.1826
2024.8321 131.7333
2024.9127 144.2116
2024.9988 137.6791
2025.0821 123.9492
2025.1573 132.5941
2025.2488 131.5231
2025.3294 122.7073
2025.4155 117.2456
2025.4961 121.1047
2025.5821 128.0148
2025.6655 136.2992
2025.7461 136.4115
2025.8321 134.2703
2025.9127 126.2409
2025.9988 125.0318
2026.0821 129.0853
2026.1573 130.3162
2026.2488 140.0430
2026.3294 141.7609
2026.4155 140.0119
2026.4961 137.3043
2026.5821 136.0418
2026.6655 143.7529
2026.7461 147.2122
