# 豆粕(M) 月度价格指数 2021-01=100
2021.0821 100.0000
2021.1573 97.9866
2021.2488 92.5467
2021.3294 99.4828
2021.4155 100.9513
2021.4961 98.1885
2021.5821 101.5675
2021.6655 100.0325
2021.7461 98.4854
2021.8321 91.6293
2021.9127 88.9521
2021.9988 88.8285
2022.0821 90.9540
2022.1573 106.4704
2022.2488 116.7965
2022.3294 111.1415
2022.4155 114.5251
2022.4961 113.9238
2022.5821 109.0687
2022.6655 107.6405
2022.7461 111.4288
2022.8321 113.8384
2022.9127 118.1646
2022.9988 114.7593
2023.0821 108.5443
2023.1573 108.1888
2023.2488 103.0698
2023.3294 99.0585
2023.4155 97.4812
2023.4961 101.2482
2023.5821 114.9816
2023.6655 116.8087
2023.7461 112.9500
2023.8321 108.9075
2023.9127 112.7640
2023.9988 99.0767
2024.0821 86.7107
2024.16 84.3868
2024.2488 90.7022
2024.3294 93.7185
2024.4155 99.8317
2024.4961 95.7813
2024.5821 89.6931
2024.6655 83.5107
2024.7461 86.3599
2024.8321 83.9523
2024.9127 81.6760
2024.9988 74.5798
2025.0821 77.0992
2025.1573 81.3111
2025.2488 81.1778
2025.3294 85.2114
2025.4155 82.0641
2025.4961 84.5158
2025.5821 83.9956
2025.6655 86.8275
2025.7461 84.6849
2025.8321 82.1954
2025.9127 85.0614
2025.9988 77.8493
2026.0821 77.5135
2026.1573 77.6764
2026.2488 83.3245
2026.3294 83.5218
2026.4155 84.2328
2026.4961 82.6243
2026.5821 86.2943
2026.6655 89.9383
2026.7461 95.5613
