# 红枣(CJ) 月度均价 元/吨
2019.4155 9722.7500
2019.4961 10202.1053
2019.5821 10339.5455
2019.6655 10620.9091
2019.7461 10588.0000
2019.8321 10410.2778
2019.9127 10959.5238
2019.9988 10861.3636
2020.0821 10570.6250
2020.16 10412.0000
2020.2488 10276.5909
2020.3294 10082.3810
2020.4155 10137.2222
2020.4961 9944.2500
2020.5821 9493.4783
2020.6655 9293.8095
2020.7461 9977.5000
2020.8321 10001.2500
2020.9127 9876.4286
2020.9988 9830.2174
2021.0821 10253.5000
2021.1573 10228.6667
2021.2488 10074.7826
2021.3294 9934.2857
2021.4155 9036.3889
2021.4961 8664.2857
2021.5821 9813.6364
2021.6655 13791.1364
2021.7461 14188.0000
2021.8321 14689.3750
2021.9127 15799.0909
2021.9988 15366.7391
2022.0821 13184.2105
2022.1573 13752.5000
2022.2488 12128.4783
2022.3294 11787.8947
2022.4155 12262.6316
2022.4961 11166.4286
2022.5821 11670.7143
2022.6655 12014.1304
2022.7461 12091.6667
2022.8321 11462.5000
2022.9127 11052.5000
2022.9988 10550.6818
2023.0821 10400.9375
2023.1573 10487.2500
2023.2488 9836.0870
2023.3294 9924.7368
2023.4155 10447.7500
2023.4961 10159.2500
2023.5821 10882.1429
2023.6655 12828.6957
2023.7461 13433.0000
2023.8321 13364.4118
2023.9127 14428.8636
2023.9988 15305.0000
2024.0821 13706.5909
2024.16 12575.6667
2024.2488 12551.1905
2024.3294 12402.5000
2024.4155 12420.5000
2024.4961 11348.4211
2024.5821 10568.0435
2024.6655 10342.0455
2024.7461 9568.1579
2024.8321 9825.2778
2024.9127 9833.5714
2024.9988 9431.1364
2025.0821 9201.3889
2025.1573 9377.2222
2025.2488 9135.0000
2025.3294 9167.8571
2025.4155 8988.1579
2025.4961 9142.5000
2025.5821 10512.6087
2025.6655 11352.3810
2025.7461 10979.5455
2025.8321 10933.8235
2025.9127 9387.7500
2025.9988 9025.4348
2026.0821 8931.2500
2026.1573 8826.0714
2026.2488 8925.9091
2026.3294 8913.3333
2026.4155 9216.6667
2026.4961 8893.0952
2026.5821 8096.5217
2026.6655 8134.7619
2026.7461 7579.7222
