# 天然橡胶(RU) 月度均价 元/吨
2005.0821 12086.0000
2005.1573 12783.0769
2005.2488 13283.6957
2005.3294 12978.3333
2005.4155 13113.5294
2005.4961 14095.6818
2005.5821 16104.0476
2005.6655 16073.2609
2005.7461 16976.1364
2005.8321 17960.3125
2005.9127 17166.3636
2005.9988 17743.6364
2006.0821 19679.7500
2006.1573 22076.4706
2006.2488 20683.2609
2006.3294 21180.8333
2006.4155 25932.5000
2006.4961 25769.0909
2006.5821 24512.6190
2006.6655 21749.7826
2006.7461 18810.4762
2006.8321 19964.3750
2006.9127 18120.9091
2006.9988 18648.0952
2007.0821 20313.2500
2007.1573 21698.0000
2007.2488 21250.0000
2007.3294 22318.8095
2007.4155 20281.9444
2007.4961 19052.3810
2007.5821 18504.5238
2007.6655 18866.7391
2007.7461 20920.0000
2007.8321 22204.1667
2007.9127 21964.0909
2007.9988 22601.9048
2008.0821 23740.2273
2008.16 24135.6250
2008.2488 22845.2381
2008.3294 21474.7727
2008.4155 23864.3182
2008.4961 26358.0952
2008.5821 26341.3043
2008.6655 23032.1429
2008.7461 21517.0000
2008.8321 14228.5000
2008.9127 12818.2500
2008.9988 9914.1304
2009.0821 12474.6667
2009.1573 13176.0000
2009.2488 12824.7727
2009.3294 14650.4762
2009.4155 15104.4737
2009.4961 15326.8182
2009.5821 16398.0435
2009.6655 18695.7143
2009.7461 17680.4545
2009.8321 18964.6875
2009.9127 20563.3333
2009.9988 22712.3913
2010.0821 24820.5000
2010.1573 23664.0000
2010.2488 24173.6957
2010.3294 24720.9524
2010.4155 22269.2500
2010.4961 21563.7500
2010.5821 21955.6818
2010.6655 24993.8636
2010.7461 26141.0526
2010.8321 31110.3125
2010.9127 33507.0455
2010.9988 35060.0000
2011.0821 38977.7500
2011.1573 40886.0000
2011.2488 35830.0000
2011.3294 34736.8421
2011.4155 31482.8571
2011.4961 32570.7143
2011.5821 34914.5238
2011.6655 33963.6957
2011.7461 31477.1429
2011.8321 27342.5000
2011.9127 25422.5000
2011.9988 25352.1429
2012.0821 25732.6667
2012.16 28510.7143
2012.2488 28479.5455
2012.3294 26991.4706
2012.4155 25171.3636
2012.4961 22668.0000
2012.5821 23500.4545
2012.6655 21960.0000
2012.7461 23414.7500
2012.8321 25003.8889
2012.9127 24082.7273
2012.9988 25058.5714
2013.0821 25905.2500
2013.1573 25714.6667
2013.2488 23162.8571
2013.3294 20235.8333
2013.4155 19836.1364
2013.4961 17987.6471
2013.5821 17965.2174
2013.6655 19492.2727
2013.7461 20596.5789
2013.8321 20254.1667
2013.9127 19320.0000
2013.9988 19167.7273
2014.0821 16618.5000
2014.1573 15480.9375
2014.2488 15236.8421
2014.3294 14795.7143
2014.4155 14248.5000
2014.4961 14580.5000
2014.5821 14733.6957
2014.6655 15109.5238
2014.7461 13248.3333
2014.8321 12787.5000
2014.9127 12743.0000
2014.9988 12485.8696
2015.0821 13060.2500
2015.1573 13595.3125
2015.2488 12770.2273
2015.3294 13080.9524
2015.4155 14487.5000
2015.4961 13985.9524
2015.5821 12791.3636
2015.6655 11954.2857
2015.7461 11477.1429
2015.8321 11329.4737
2015.9127 10424.7619
2015.9988 10359.1304
2016.0821 10104.0000
2016.16 10424.3750
2016.2488 11355.2174
2016.3294 12430.5000
2016.4155 11303.3333
2016.4961 10787.7500
2016.5821 11260.4762
2016.6655 12523.9130
2016.7461 12935.5000
2016.8321 14057.1875
2016.9127 16332.0455
2016.9988 18846.1364
2017.0821 19801.0526
2017.1573 20260.0000
2017.2488 17527.8261
2017.3294 15102.5000
2017.4155 13785.5000
2017.4961 12703.8636
2017.5821 13260.4762
2017.6655 16090.0000
2017.7461 15741.4286
2017.8321 13309.7059
2017.9127 13725.6818
2017.9988 14291.9048
2018.0821 13999.5455
2018.1573 12717.6667
2018.2488 12299.7727
2018.3294 11450.8333
2018.4155 11721.1364
2018.4961 10938.5000
2018.5821 10335.0000
2018.6655 11896.3043
2018.7461 12215.5263
2018.8321 12010.8333
2018.9127 11092.2727
2018.9988 11255.5000
2019.0821 11584.7727
2019.1573 12045.3333
2019.2488 12041.9048
2019.3294 11651.7500
2019.4155 11939.0000
2019.4961 11895.2632
2019.5821 10828.2609
2019.6655 11325.0000
2019.7461 11881.5000
2019.8321 11712.7778
2019.9127 12236.6667
2019.9988 12977.2727
2020.0821 12950.3125
2020.16 11383.5000
2020.2488 10248.6364
2020.3294 9919.7619
2020.4155 10285.8333
2020.4961 10385.0000
2020.5821 10608.2609
2020.6655 12253.0952
2020.7461 12473.6364
2020.8321 14503.1250
2020.9127 14610.7143
2020.9988 14514.5652
2021.0821 14427.2500
2021.1573 15266.0000
2021.2488 14877.1739
2021.3294 13884.0476
2021.4155 13771.9444
2021.4961 12962.6190
2021.5821 13228.6364
2021.6655 14192.5000
2021.7461 13659.2500
2021.8321 14826.2500
2021.9127 14671.1364
2021.9988 14616.0870
2022.0821 14718.4211
2022.1573 14301.5625
2022.2488 13610.2174
2022.3294 13272.8947
2022.4155 12975.2632
2022.4961 12983.8095
2022.5821 12297.6190
2022.6655 12588.9130
2022.7461 12818.8095
2022.8321 12487.8125
2022.9127 12582.5000
2022.9988 12881.5909
2023.0821 13121.5625
2023.1573 12620.5000
2023.2488 12009.1304
2023.3294 11805.5263
2023.4155 12014.7500
2023.4961 12001.5000
2023.5821 12246.6667
2023.6655 12824.3478
2023.7461 14194.5000
2023.8321 14486.4706
2023.9127 14135.9091
2023.9988 13628.0952
2024.0821 13717.9545
2024.16 13586.6667
2024.2488 14439.0476
2024.3294 14546.2500
2024.4155 14726.0000
2024.4961 15200.7895
2024.5821 14582.8261
2024.6655 15971.5909
2024.7461 17381.3158
2024.8321 18120.5556
2024.9127 17809.0476
2024.9988 18193.8636
2025.0821 17208.3333
2025.1573 17661.9444
2025.2488 17120.0000
2025.3294 15030.2381
2025.4155 14647.3684
2025.4961 13817.7500
2025.5821 14569.7826
2025.6655 15649.5238
2025.7461 15774.0909
2025.8321 15149.7059
2025.9127 15188.0000
2025.9988 15324.7826
2026.0821 16069.2500
2026.1573 16519.2857
2026.2488 16642.5000
2026.3294 17021.4286
2026.4155 17693.8889
2026.4961 17572.6190
2026.5821 16811.5217
2026.6655 18016.1905
2026.7461 19056.3889
