# 玉米(C) 月度均价 元/吨
2005.0821 1154.8000
2005.1573 1155.3077
2005.2488 1255.3478
2005.3294 1326.5714
2005.4155 1288.1765
2005.4961 1290.8182
2005.5821 1280.6667
2005.6655 1226.5217
2005.7461 1242.1364
2005.8321 1244.3750
2005.9127 1277.1818
2005.9988 1317.3182
2006.0821 1381.1500
2006.1573 1478.0588
2006.2488 1435.0435
2006.3294 1413.6667
2006.4155 1500.2778
2006.4961 1488.0000
2006.5821 1449.9524
2006.6655 1404.4348
2006.7461 1406.6667
2006.8321 1465.3125
2006.9127 1594.3182
2006.9988 1697.1905
2007.0821 1711.1500
2007.1573 1710.6000
2007.2488 1693.2273
2007.3294 1663.0476
2007.4155 1688.0556
2007.4961 1640.6190
2007.5821 1515.3333
2007.6655 1576.7826
2007.7461 1655.1000
2007.8321 1661.2222
2007.9127 1762.6818
2007.9988 1732.1429
2008.0821 1778.2273
2008.16 1792.8750
2008.2488 1828.2857
2008.3294 1920.8182
2008.4155 1936.5000
2008.4961 1909.3333
2008.5821 1891.5652
2008.6655 1775.0000
2008.7461 1784.9000
2008.8321 1658.5000
2008.9127 1603.2500
2008.9988 1502.6957
2009.0821 1553.6667
2009.1573 1650.7500
2009.2488 1697.4091
2009.3294 1680.2381
2009.4155 1667.0526
2009.4961 1636.9091
2009.5821 1621.8696
2009.6655 1705.8095
2009.7461 1737.3182
2009.8321 1738.8750
2009.9127 1758.0476
2009.9988 1844.0870
2010.0821 1887.8000
2010.1573 1858.4000
2010.2488 1893.5217
2010.3294 1920.9524
2010.4155 1946.5500
2010.4961 1869.4737
2010.5821 1911.2273
2010.6655 1993.5909
2010.7461 2052.9474
2010.8321 2157.5882
2010.9127 2293.9545
2010.9988 2319.5217
2011.0821 2335.8000
2011.1573 2427.6667
2011.2488 2410.5652
2011.3294 2410.5789
2011.4155 2390.2857
2011.4961 2379.9524
2011.5821 2327.2381
2011.6655 2392.0870
2011.7461 2360.3810
2011.8321 2252.9375
2011.9127 2204.9091
2011.9988 2245.4762
2012.0821 2298.5333
2012.16 2376.5714
2012.2488 2440.7727
2012.3294 2432.1765
2012.4155 2395.9091
2012.4961 2354.3500
2012.5821 2392.0909
2012.6655 2398.0870
2012.7461 2358.9500
2012.8321 2374.1111
2012.9127 2426.0000
2012.9988 2442.8571
2013.0821 2432.6000
2013.1573 2449.3333
2013.2488 2451.5714
2013.3294 2406.2222
2013.4155 2435.0000
2013.4961 2425.1765
2013.5821 2371.0870
2013.6655 2323.0000
2013.7461 2326.1579
2013.8321 2336.9444
2013.9127 2351.8000
2013.9988 2346.1364
2014.0821 2358.8000
2014.1573 2343.2500
2014.2488 2362.4211
2014.3294 2355.0000
2014.4155 2367.8571
2014.4961 2389.7500
2014.5821 2356.0000
2014.6655 2388.4286
2014.7461 2366.8571
2014.8321 2376.0556
2014.9127 2404.9000
2014.9988 2396.6522
2015.0821 2420.6000
2015.1573 2506.2857
2015.2488 2542.7273
2015.3294 2505.7619
2015.4155 2493.8000
2015.4961 2358.3333
2015.5821 2223.7391
2015.6655 2011.0476
2015.7461 1902.2381
2015.8321 1810.5000
2015.9127 1860.2857
2015.9988 1894.7391
2016.0821 1915.6000
2016.16 1820.1875
2016.2488 1554.4783
2016.3294 1497.5500
2016.4155 1544.7143
2016.4961 1596.2000
2016.5821 1505.4286
2016.6655 1460.2609
2016.7461 1430.7500
2016.8321 1470.0000
2016.9127 1551.1364
2016.9988 1532.9545
2017.0821 1533.4737
2017.1573 1588.7778
2017.2488 1666.0000
2017.3294 1642.2778
2017.4155 1631.7500
2017.4961 1666.3636
2017.5821 1672.1905
2017.6655 1706.3913
2017.7461 1702.2857
2017.8321 1668.8235
2017.9127 1690.0909
2017.9988 1790.8095
2018.0821 1814.0909
2018.1573 1817.6000
2018.2488 1793.4091
2018.3294 1743.1667
2018.4155 1763.8182
2018.4961 1767.2500
2018.5821 1833.0000
2018.6655 1876.8261
2018.7461 1891.6842
2018.8321 1875.1111
2018.9127 1937.5455
2018.9988 1867.2000
2019.0821 1842.3636
2019.1573 1824.8000
2019.2488 1832.7619
2019.3294 1892.4500
2019.4155 1968.6500
2019.4961 1953.4737
2019.5821 1926.2174
2019.6655 1914.3182
2019.7461 1863.8000
2019.8321 1845.2778
2019.9127 1849.7143
2019.9988 1895.9091
2020.0821 1924.1875
2020.16 1921.5500
2020.2488 1990.3182
2020.3294 2060.3810
2020.4155 2048.0000
2020.4961 2092.0500
2020.5821 2188.2609
2020.6655 2273.5714
2020.7461 2394.8636
2020.8321 2580.5000
2020.9127 2569.9524
2020.9988 2644.8696
2021.0821 2812.4000
2021.1573 2789.8667
2021.2488 2725.0435
2021.3294 2698.5714
2021.4155 2760.6111
2021.4961 2661.6190
2021.5821 2569.7727
2021.6655 2558.0909
2021.7461 2470.1500
2021.8321 2569.5625
2021.9127 2667.6818
2021.9988 2697.5217
2022.0821 2725.7368
2022.1573 2788.8750
2022.2488 2874.9565
2022.3294 2967.9474
2022.4155 2975.8421
2022.4961 2859.9524
2022.5821 2671.5238
2022.6655 2721.2609
2022.7461 2811.3333
2022.8321 2856.3125
2022.9127 2871.2727
2022.9988 2806.1818
2023.0821 2875.1250
2023.1573 2833.2500
2023.2488 2803.0435
2023.3294 2715.3158
2023.4155 2577.5500
2023.4961 2662.7500
2023.5821 2731.7143
2023.6655 2714.1304
2023.7461 2657.7500
2023.8321 2527.7059
2023.9127 2537.5909
2023.9988 2445.5714
2024.0821 2375.9091
2024.16 2427.4000
2024.2488 2427.3333
2024.3294 2404.8000
2024.4155 2449.6500
2024.4961 2474.8947
2024.5821 2408.0000
2024.6655 2306.7273
2024.7461 2208.2632
2024.8321 2212.2778
2024.9127 2200.1905
2024.9988 2154.0909
2025.0821 2260.1111
2025.1573 2288.8333
2025.2488 2290.8095
2025.3294 2311.4286
2025.4155 2340.5789
2025.4961 2373.8000
2025.5821 2320.3043
2025.6655 2211.7619
2025.7461 2182.4545
2025.8321 2125.0588
2025.9127 2183.7000
2025.9988 2226.6522
2026.0821 2274.3000
2026.1573 2303.0714
2026.2488 2381.8182
2026.3294 2393.5238
2026.4155 2347.5000
2026.4961 2326.1905
2026.5821 2290.6087
2026.6655 2257.3810
2026.7461 2239.6111
