# 鸡蛋(JD) 月度价格指数 2021-01=100
2021.0821 100.0000
2021.1573 103.4257
2021.2488 100.4246
2021.3294 106.4137
2021.4155 110.3472
2021.4961 109.0752
2021.5821 105.7317
2021.6655 101.7522
2021.7461 99.8458
2021.8321 103.8081
2021.9127 103.3739
2021.9988 95.1424
2022.0821 93.7995
2022.1573 97.3299
2022.2488 99.0551
2022.3294 108.9069
2022.4155 108.8383
2022.4961 106.4028
2022.5821 99.3168
2022.6655 94.2328
2022.7461 97.8528
2022.8321 101.4070
2022.9127 99.0611
2022.9988 98.5514
2023.0821 100.3278
2023.1573 100.2661
2023.2488 99.7493
2023.3294 97.9181
2023.4155 94.6633
2023.4961 94.0112
2023.5821 96.6423
2023.6655 98.2984
2023.7461 102.4394
2023.8321 98.8519
2023.9127 98.6209
2023.9988 87.7627
2024.0821 76.7375
2024.16 76.9701
2024.2488 79.7826
2024.3294 83.4154
2024.4155 91.2120
2024.4961 90.5417
2024.5821 91.3529
2024.6655 88.2585
2024.7461 81.9512
2024.8321 80.3307
2024.9127 81.7349
2024.9988 80.9194
2025.0821 74.4797
2025.1573 74.1371
2025.2488 70.5462
2025.3294 68.4057
2025.4155 67.4822
2025.4961 81.2958
2025.5821 81.9862
2025.6655 72.2342
2025.7461 69.6049
2025.8321 68.1634
2025.9127 74.1672
2025.9988 68.4734
2026.0821 69.2302
2026.1573 71.1145
2026.2488 78.0986
2026.3294 75.2699
2026.4155 101.0130
2026.4961 105.1357
2026.5821 99.2766
2026.6655 88.4424
2026.7461 86.8467
