x SR CF CY RU NR AP CJ SP PK
2021.16 100.00 100.00 100.00 100.00 100.00 100.00 100.00 100.00 100.00
2021.25 100.15 98.61 100.79 97.45 103.29 90.64 98.50 104.18 102.13
2021.33 101.02 97.14 99.58 90.95 96.90 94.77 97.12 104.32 99.52
2021.42 104.85 99.92 103.01 90.21 98.11 97.47 88.34 99.59 97.72
2021.50 102.76 100.23 103.16 84.91 93.42 102.02 84.71 87.77 88.69
2021.58 104.36 106.33 109.52 86.65 94.42 99.11 95.94 91.08 87.23
2021.67 108.24 111.88 115.09 92.97 99.49 98.98 134.83 90.62 85.82
2021.75 109.06 113.28 110.64 89.47 96.27 95.16 138.71 88.76 81.42
2021.83 110.97 136.08 127.65 97.12 104.16 123.44 143.61 76.93 83.36
2021.91 112.42 136.28 127.73 96.10 102.25 130.59 154.46 73.76 82.15
2022.00 108.02 126.22 117.70 95.74 100.56 134.25 150.23 84.06 77.60
2022.08 107.81 135.48 125.69 96.41 104.01 140.89 128.89 89.18 76.06
2022.16 106.74 135.81 125.15 93.68 104.43 151.47 134.45 94.05 77.00
2022.25 108.57 135.92 124.31 89.15 100.02 157.20 118.57 100.86 83.85
2022.33 111.17 136.30 120.19 86.94 98.14 145.52 115.24 102.19 88.87
2022.42 110.77 133.44 119.43 84.99 97.74 150.39 119.88 105.34 97.28
2022.50 111.28 122.19 111.71 85.05 99.86 145.13 109.17 100.67 95.93
2022.58 107.72 98.76 97.07 80.56 95.77 143.94 114.10 97.31 90.21
2022.67 104.05 93.25 100.27 82.46 90.78 145.67 117.46 98.70 91.25
2022.75 103.51 89.71 92.76 83.97 85.14 139.94 118.21 98.36 99.44
2022.83 104.32 84.72 88.84 81.80 84.04 135.54 112.06 98.22 103.26
2022.91 105.06 83.90 89.49 82.42 84.12 134.07 108.05 99.34 101.83
2023.00 105.93 87.94 91.49 84.38 86.31 131.78 103.15 100.52 97.18
2023.08 106.11 92.03 96.75 85.95 87.73 139.82 101.68 95.26 98.48
2023.16 110.52 92.35 95.12 82.67 88.37 145.44 102.53 96.72 103.71
2023.25 115.47 90.41 92.92 78.67 85.88 143.14 96.16 87.26 100.51
2023.33 125.96 94.55 95.77 77.33 84.75 135.51 97.03 78.38 99.02
2023.42 129.67 99.71 99.58 78.70 84.55 140.58 102.14 75.29 94.19
2023.50 127.97 105.27 102.57 78.62 85.05 139.58 99.32 74.51 93.52
2023.58 127.19 107.89 103.70 80.22 84.16 141.51 106.39 77.45 97.28
2023.67 127.57 109.07 101.17 84.01 84.48 144.26 125.42 79.16 98.66
2023.75 129.81 109.65 101.55 92.98 94.99 149.72 131.33 85.80 95.87
2023.83 127.09 104.65 98.00 94.89 97.73 148.54 130.66 89.26 89.34
2023.91 128.30 98.45 93.01 92.60 94.49 147.84 141.06 86.17 85.54
2024.00 117.69 96.83 90.43 89.27 92.19 137.46 149.63 82.17 84.12
2024.08 118.74 99.74 95.74 89.86 98.26 135.04 134.00 83.40 84.34
2024.16 119.45 102.41 97.36 89.00 100.44 135.03 122.95 83.02 85.81
2024.25 119.93 101.30 93.70 94.58 105.84 132.71 122.71 87.40 87.28
2024.33 118.37 101.75 91.94 95.29 104.34 125.68 121.25 90.88 88.25
2024.42 115.93 97.34 92.32 96.46 108.53 122.25 121.43 91.58 87.16
2024.50 114.88 93.66 89.70 99.57 113.27 114.31 110.95 86.87 84.90
2024.58 115.14 92.07 88.29 95.52 107.83 113.48 103.32 83.38 83.97
2024.67 108.96 86.51 83.95 104.62 111.48 113.16 101.11 83.77 83.00
2024.75 107.18 87.60 85.32 113.86 119.60 112.32 93.54 84.11 77.55
2024.83 109.99 89.38 86.43 118.70 125.86 112.48 96.06 84.60 77.04
2024.91 110.27 88.77 86.57 116.66 126.10 126.33 96.14 84.83 76.51
2025.00 111.90 86.34 85.74 119.18 132.10 124.40 92.20 84.78 74.73
2025.08 109.42 85.84 85.57 112.72 129.74 111.83 89.96 87.17 75.82
2025.16 110.93 87.15 87.24 115.69 132.98 116.89 91.68 88.13 77.53
2025.25 112.25 86.25 86.30 112.14 129.99 120.42 89.31 84.52 78.06
2025.33 111.69 82.31 83.05 98.46 112.36 128.69 89.63 78.10 77.37
2025.42 109.07 84.06 85.39 95.95 111.58 126.27 87.87 77.20 78.74
2025.50 106.70 85.63 86.48 90.51 106.20 125.09 89.38 75.34 78.81
2025.58 108.39 88.39 88.10 95.44 110.27 128.33 102.78 76.06 77.87
2025.67 105.34 88.69 87.44 102.51 110.84 132.54 110.99 74.99 75.59
2025.75 102.96 87.19 86.70 103.33 111.19 136.06 107.34 72.70 74.32
2025.83 101.73 85.26 85.86 99.24 109.02 144.87 106.89 74.68 75.00
2025.91 101.36 85.87 86.88 99.49 107.80 152.22 91.78 77.57 75.31
2026.00 97.82 88.84 88.13 100.39 109.21 152.98 88.24 79.95 76.42
2026.08 97.66 93.21 90.27 105.26 114.39 156.62 87.32 78.83 75.94
2026.16 97.82 94.16 90.58 108.21 118.19 157.50 86.29 76.38 75.85
2026.25 100.92 97.11 93.61 109.02 119.00 166.52 87.26 75.49 77.14
2026.33 100.00 100.26 96.42 111.50 124.48 136.46 87.14 73.49 79.22
2026.42 101.17 102.79 97.29 115.90 132.10 123.55 90.11 73.00 78.30
2026.50 99.25 101.04 97.79 115.11 134.83 124.02 86.94 69.87 79.47
2026.58 97.12 101.48 98.27 110.12 128.61 125.03 79.16 69.24 79.28
2026.67 98.65 105.46 99.70 118.02 133.49 126.30 79.53 68.55 77.59
2026.75 100.78 103.52 97.85 124.83 143.33 119.78 74.10 70.21 75.78
