# 豆油(Y) 月度均价 元/吨
2006.0821 5064.6667
2006.1573 5120.7059
2006.2488 5200.6957
2006.3294 5078.0000
2006.4155 5212.7778
2006.4961 5201.5455
2006.5821 5287.4286
2006.6655 5553.7391
2006.7461 5563.4286
2006.8321 5723.3333
2006.9127 6470.7273
2006.9988 6685.5238
2007.0821 6592.5000
2007.1573 6532.9333
2007.2488 6531.2727
2007.3294 6892.6667
2007.4155 7358.5556
2007.4961 7698.1905
2007.5821 8088.7619
2007.6655 8167.9130
2007.7461 8245.0000
2007.8321 8666.3333
2007.9127 9312.0909
2007.9988 9745.8095
2008.0821 10685.5455
2008.16 12390.3750
2008.2488 11816.4762
2008.3294 11107.3636
2008.4155 11112.1818
2008.4961 11577.7143
2008.5821 11119.3913
2008.6655 9075.3333
2008.7461 8430.8000
2008.8321 6601.5000
2008.9127 6339.7000
2008.9988 5904.2609
2009.0821 6307.3333
2009.1573 6198.7000
2009.2488 6141.9091
2009.3294 6798.9524
2009.4155 7497.4737
2009.4961 7622.5455
2009.5821 7123.3913
2009.6655 7533.0476
2009.7461 7002.5455
2009.8321 7184.1250
2009.9127 7522.3810
2009.9988 7862.8696
2010.0821 7591.2000
2010.1573 7377.7333
2010.2488 7511.9130
2010.3294 7780.0952
2010.4155 7631.0000
2010.4961 7519.0526
2010.5821 7501.8182
2010.6655 8079.0000
2010.7461 8275.6842
2010.8321 9169.5000
2010.9127 9699.1818
2010.9988 10088.8696
2011.0821 10549.1000
2011.1573 10469.3333
2011.2488 10102.7826
2011.3294 10336.9474
2011.4155 10100.5714
2011.4961 10220.8571
2011.5821 10223.3333
2011.6655 10130.3478
2011.7461 10022.2857
2011.8321 9261.0000
2011.9127 9032.5455
2011.9988 8846.0952
2012.0821 9029.7333
2012.16 9297.8095
2012.2488 9549.0909
2012.3294 9932.5882
2012.4155 9433.9091
2012.4961 9296.1000
2012.5821 9656.9091
2012.6655 9765.7391
2012.7461 9863.5000
2012.8321 9165.7778
2012.9127 8593.4545
2012.9988 8678.0952
2013.0821 8689.4000
2013.1573 8643.0667
2013.2488 8150.3810
2013.3294 7667.2222
2013.4155 7439.7273
2013.4961 7423.0588
2013.5821 7226.4348
2013.6655 7110.0909
2013.7461 7147.2632
2013.8321 7131.8889
2013.9127 7243.1000
2013.9988 7069.4545
2014.0821 6627.6000
2014.1573 6751.8750
2014.2488 6986.6316
2014.3294 7004.0952
2014.4155 6815.1000
2014.4961 6899.9000
2014.5821 6535.5652
2014.6655 6182.5714
2014.7461 5956.0000
2014.8321 5858.2222
2014.9127 5897.9000
2014.9988 5659.7391
2015.0821 5599.2000
2015.1573 5510.5333
2015.2488 5479.8182
2015.3294 5542.4762
2015.4155 5809.9000
2015.4961 5801.7143
2015.5821 5627.4545
2015.6655 5469.3333
2015.7461 5398.0952
2015.8321 5585.6667
2015.9127 5491.9048
2015.9988 5626.1739
2016.0821 5592.5000
2016.16 5713.6250
2016.2488 5884.0000
2016.3294 6181.1579
2016.4155 6032.9524
2016.4961 6043.4000
2016.5821 6207.8095
2016.6655 6270.0870
2016.7461 6296.6000
2016.8321 6587.0000
2016.9127 6774.9091
2016.9988 7092.6364
2017.0821 6950.0000
2017.1573 6759.3333
2017.2488 6414.7826
2017.3294 5903.2222
2017.4155 5920.3000
2017.4961 5806.6364
2017.5821 6099.3333
2017.6655 6288.4348
2017.7461 6300.8571
2017.8321 6086.2353
2017.9127 5998.8182
2017.9988 5820.5714
2018.0821 5764.1818
2018.1573 5673.8667
2018.2488 5738.9091
2018.3294 5840.4444
2018.4155 5794.8182
2018.4961 5648.2000
2018.5821 5577.8182
2018.6655 5847.0435
2018.7461 5843.1579
2018.8321 5801.1111
2018.9127 5444.5455
2018.9988 5431.2000
2019.0821 5621.4545
2019.1573 5708.5333
2019.2488 5599.5238
2019.3294 5519.8000
2019.4155 5420.0000
2019.4961 5436.0000
2019.5821 5459.5652
2019.6655 6054.2727
2019.7461 6058.3000
2019.8321 6073.4444
2019.9127 6330.0952
2019.9988 6486.0000
2020.0821 6722.2500
2020.16 5969.7000
2020.2488 5475.6364
2020.3294 5478.5714
2020.4155 5425.3333
2020.4961 5685.2000
2020.5821 5997.2174
2020.6655 6401.6190
2020.7461 6935.7273
2020.8321 7120.0000
2020.9127 7628.0000
2020.9988 7744.6957
2021.0821 7834.3000
2021.1573 8095.6000
2021.2488 9039.4783
2021.3294 8452.8571
2021.4155 8808.8889
2021.4961 8404.8571
2021.5821 8810.9091
2021.6655 9022.0000
2021.7461 9088.2000
2021.8321 9850.5000
2021.9127 9526.9091
2021.9988 8726.1739
2022.0821 9242.5263
2022.1573 10110.8750
2022.2488 10509.4783
2022.3294 10845.3684
2022.4155 11353.2632
2022.4961 11166.4762
2022.5821 9294.3810
2022.6655 9874.5217
2022.7461 9178.3810
2022.8321 9410.1250
2022.9127 9295.3636
2022.9988 8869.7273
2023.0821 8692.3750
2023.1573 8760.2000
2023.2488 8359.3913
2023.3294 7954.2105
2023.4155 7246.8000
2023.4961 7379.4000
2023.5821 8100.0000
2023.6655 8211.3043
2023.7461 8195.1000
2023.8321 7939.7647
2023.9127 8244.5455
2023.9988 7781.8095
2024.0821 7474.3636
2024.16 7227.6000
2024.2488 7697.7143
2024.3294 7647.2000
2024.4155 7900.4000
2024.4961 7860.6316
2024.5821 7751.5652
2024.6655 7489.1818
2024.7461 7830.1053
2024.8321 8308.2222
2024.9127 8371.8095
2024.9988 7800.0000
2025.0821 7656.0000
2025.1573 7972.4444
2025.2488 7960.7619
2025.3294 7759.6190
2025.4155 7769.3684
2025.4961 7892.8000
2025.5821 8053.3913
2025.6655 8425.3333
2025.7461 8299.1818
2025.8321 8233.0588
2025.9127 8196.5000
2025.9988 7919.3913
2026.0821 8066.1000
2026.1573 8126.7143
2026.2488 8568.8182
2026.3294 8550.3333
2026.4155 8525.9444
2026.4961 8411.5238
2026.5821 8516.0435
2026.6655 8636.2857
2026.7461 9034.9444
