# 豆二(B) 月度价格指数 2021-01=100
2021.0821 100.0000
2021.1573 100.7897
2021.2488 97.5011
2021.3294 97.3419
2021.4155 99.8883
2021.4961 97.4754
2021.5821 102.3013
2021.6655 103.2449
2021.7461 107.1560
2021.8321 104.1402
2021.9127 96.7288
2021.9988 98.6788
2022.0821 102.7425
2022.1573 118.4456
2022.2488 122.5243
2022.3294 120.3836
2022.4155 124.0633
2022.4961 122.8625
2022.5821 109.5990
2022.6655 117.3780
2022.7461 123.6142
2022.8321 129.9417
2022.9127 121.7262
2022.9988 117.5060
2023.0821 117.6867
2023.1573 111.5670
2023.2488 101.0230
2023.3294 96.1230
2023.4155 93.3870
2023.4961 96.5324
2023.5821 109.1987
2023.6655 118.6795
2023.7461 115.5343
2023.8321 104.2435
2023.9127 105.9016
2023.9988 102.3502
2024.0821 93.0319
2024.16 84.5186
2024.2488 88.8710
2024.3294 88.9292
2024.4155 96.2521
2024.4961 91.9530
2024.5821 87.6144
2024.6655 82.1323
2024.7461 85.5511
2024.8321 85.4586
2024.9127 86.1512
2024.9988 79.8269
2025.0821 78.7011
2025.1573 82.7927
2025.2488 82.0803
2025.3294 84.2886
2025.4155 82.8866
2025.4961 85.2001
2025.5821 85.0174
2025.6655 88.2283
2025.7461 86.2123
2025.8321 84.9733
2025.9127 87.5515
2025.9988 84.7879
2026.0821 81.7628
2026.1573 81.9624
2026.2488 87.7068
2026.3294 85.0737
2026.4155 84.0303
2026.4961 83.7505
2026.5821 88.6337
2026.6655 91.8644
2026.7461 96.5374
