# 玉米(C) 月度价格指数 2021-01=100
2021.0821 100.0000
2021.1573 99.1988
2021.2488 96.8939
2021.3294 95.9526
2021.4155 98.1586
2021.4961 94.6387
2021.5821 91.3729
2021.6655 90.9576
2021.7461 87.8307
2021.8321 91.3655
2021.9127 94.8543
2021.9988 95.9153
2022.0821 96.9185
2022.1573 99.1635
2022.2488 102.2243
2022.3294 105.5308
2022.4155 105.8115
2022.4961 101.6908
2022.5821 94.9909
2022.6655 96.7594
2022.7461 99.9621
2022.8321 101.5614
2022.9127 102.0933
2022.9988 99.7789
2023.0821 102.2303
2023.1573 100.7414
2023.2488 99.6673
2023.3294 96.5480
2023.4155 91.6495
2023.4961 94.6789
2023.5821 97.1311
2023.6655 96.5058
2023.7461 94.5011
2023.8321 89.8772
2023.9127 90.2287
2023.9988 86.9567
2024.0821 84.4798
2024.16 86.3106
2024.2488 86.3083
2024.3294 85.5070
2024.4155 87.1018
2024.4961 87.9994
2024.5821 85.6208
2024.6655 82.0199
2024.7461 78.5188
2024.8321 78.6616
2024.9127 78.2318
2024.9988 76.5926
2025.0821 80.3624
2025.1573 81.3836
2025.2488 81.4539
2025.3294 82.1870
2025.4155 83.2235
2025.4961 84.4048
2025.5821 82.5026
2025.6655 78.6432
2025.7461 77.6011
2025.8321 75.5603
2025.9127 77.6454
2025.9988 79.1727
2026.0821 80.8669
2026.1573 81.8899
2026.2488 84.6899
2026.3294 85.1061
2026.4155 83.4696
2026.4961 82.7119
2026.5821 81.4468
2026.6655 80.2653
2026.7461 79.6334
