# 棉花(CF) 月度均价 元/吨
2005.0821 12838.0000
2005.1573 13473.0769
2005.2488 14118.2609
2005.3294 14491.6667
2005.4155 14468.8235
2005.4961 14243.8636
2005.5821 14328.8095
2005.6655 13633.0435
2005.7461 14287.7273
2005.8321 15079.2857
2005.9127 15203.6364
2005.9988 15136.8182
2006.0821 15325.2500
2006.1573 15408.5294
2006.2488 14688.9130
2006.3294 14511.1111
2006.4155 14381.3889
2006.4961 14503.6364
2006.5821 14187.6190
2006.6655 14261.0870
2006.7461 13662.1429
2006.8321 13432.6471
2006.9127 13846.8182
2006.9988 14248.8095
2007.0821 13973.0000
2007.1573 13872.3333
2007.2488 13905.9091
2007.3294 13589.2857
2007.4155 13436.9444
2007.4961 14183.3333
2007.5821 14901.6667
2007.6655 14620.6522
2007.7461 14625.0000
2007.8321 15328.6111
2007.9127 14964.0909
2007.9988 14720.0000
2008.0821 14836.3636
2008.16 15239.6875
2008.2488 15321.4286
2008.3294 14459.5455
2008.4155 14528.4091
2008.4961 15130.0000
2008.5821 14649.7826
2008.6655 13970.7143
2008.7461 13206.0000
2008.8321 12331.5000
2008.9127 11010.0000
2008.9988 11450.6522
2009.0821 11760.6667
2009.1573 11934.5000
2009.2488 12035.6818
2009.3294 12987.6190
2009.4155 13351.5789
2009.4961 13186.8182
2009.5821 13499.3478
2009.6655 13542.1429
2009.7461 13553.6364
2009.8321 14395.6250
2009.9127 15461.9048
2009.9988 15983.9130
2010.0821 16402.7500
2010.1573 16249.6667
2010.2488 16957.1739
2010.3294 16887.3810
2010.4155 17019.7500
2010.4961 16616.2500
2010.5821 16374.5455
2010.6655 17016.3636
2010.7461 19893.5000
2010.8321 24792.6471
2010.9127 28300.9091
2010.9988 27444.7826
2011.0821 29975.5000
2011.1573 32782.0000
2011.2488 30622.6087
2011.3294 28191.3158
2011.4155 25110.7143
2011.4961 23859.0476
2011.5821 21929.0476
2011.6655 21410.2174
2011.7461 21379.0476
2011.8321 20319.0625
2011.9127 20277.5000
2011.9988 20612.6190
2012.0821 21218.0000
2012.16 21987.1429
2012.2488 21489.0909
2012.3294 21271.7647
2012.4155 19853.6364
2012.4961 19090.5000
2012.5821 19376.5909
2012.6655 19368.9130
2012.7461 19566.7500
2012.8321 19567.2222
2012.9127 19164.7727
2012.9988 19183.3333
2013.0821 19604.0000
2013.1573 19904.6667
2013.2488 20181.1905
2013.3294 20131.3889
2013.4155 20134.3182
2013.4961 20052.9412
2013.5821 19883.2609
2013.6655 19818.6364
2013.7461 19756.8421
2013.8321 18939.4444
2013.9127 18603.2500
2013.9988 18874.3182
2014.0821 19699.2500
2014.1573 19821.2500
2014.2488 17339.2105
2014.3294 16070.4762
2014.4155 15923.8095
2014.4961 15451.7500
2014.5821 14507.6087
2014.6655 14531.6667
2014.7461 13518.5714
2014.8321 13660.5556
2014.9127 13027.5000
2014.9988 12982.3913
2015.0821 13055.7500
2015.1573 13262.5000
2015.2488 13166.1364
2015.3294 13105.7143
2015.4155 13210.0000
2015.4961 12853.3333
2015.5821 12829.5652
2015.6655 12519.2857
2015.7461 12422.2500
2015.8321 11934.7059
2015.9127 11799.2857
2015.9988 11472.1739
2016.0821 11327.5000
2016.16 10543.1250
2016.2488 10271.5217
2016.3294 11720.7500
2016.4155 12562.6190
2016.4961 13275.5000
2016.5821 15267.8571
2016.6655 14515.4348
2016.7461 14550.0000
2016.8321 15116.2500
2016.9127 15715.6818
2016.9988 15451.5909
2017.0821 15302.7778
2017.1573 15802.5000
2017.2488 15429.5652
2017.3294 15798.8889
2017.4155 15812.0000
2017.4961 15236.5909
2017.5821 15098.3333
2017.6655 15223.9130
2017.7461 15498.3333
2017.8321 15044.1176
2017.9127 15082.7273
2017.9988 15117.1429
2018.0821 15296.3636
2018.1573 15047.3333
2018.2488 15161.5909
2018.3294 15345.5556
2018.4155 16940.6818
2018.4961 17419.5000
2018.5821 16666.1364
2018.6655 16935.6522
2018.7461 16352.8947
2018.8321 15305.8333
2018.9127 14995.9091
2018.9988 15164.2500
2019.0821 15155.6818
2019.1573 15223.3333
2019.2488 15243.8095
2019.3294 15704.4737
2019.4155 14166.2500
2019.4961 13446.3158
2019.5821 13327.6087
2019.6655 12587.5000
2019.7461 12724.0000
2019.8321 12672.2222
2019.9127 12899.0476
2019.9988 13321.3636
2020.0821 14030.6250
2020.16 12991.7500
2020.2488 11554.3182
2020.3294 11342.3810
2020.4155 11597.5000
2020.4961 11824.7500
2020.5821 12005.8696
2020.6655 12674.2857
2020.7461 12814.0909
2020.8321 14394.6875
2020.9127 14333.8095
2020.9988 14729.7826
2021.0821 15169.5000
2021.1573 15780.0000
2021.2488 15560.6522
2021.3294 15328.8095
2021.4155 15766.9444
2021.4961 15815.7143
2021.5821 16779.0909
2021.6655 17655.0000
2021.7461 17876.0000
2021.8321 21473.7500
2021.9127 21505.0000
2021.9988 19916.7391
2022.0821 21378.9474
2022.1573 21430.6250
2022.2488 21448.0435
2022.3294 21507.8947
2022.4155 21057.3684
2022.4961 19282.1429
2022.5821 15584.2857
2022.6655 14714.3478
2022.7461 14156.9048
2022.8321 13369.3750
2022.9127 13239.3182
2022.9988 13877.5000
2023.0821 14521.5625
2023.1573 14572.2500
2023.2488 14266.5217
2023.3294 14919.7368
2023.4155 15734.2500
2023.4961 16611.2500
2023.5821 17025.0000
2023.6655 17211.7391
2023.7461 17302.5000
2023.8321 16514.1176
2023.9127 15535.2273
2023.9988 15279.7619
2024.0821 15739.2857
2024.16 16161.0000
2024.2488 15985.7500
2024.3294 16056.2500
2024.4155 15359.5000
2024.4961 14779.4737
2024.5821 14529.1304
2024.6655 13651.3636
2024.7461 13823.4211
2024.8321 14104.4444
2024.9127 14008.0952
2024.9988 13624.3182
2025.0821 13545.5556
2025.1573 13752.2222
2025.2488 13610.0000
2025.3294 12988.0952
2025.4155 13264.2105
2025.4961 13512.7500
2025.5821 13947.8261
2025.6655 13995.4762
2025.7461 13759.0909
2025.8321 13453.5294
2025.9127 13550.0000
2025.9988 14019.5652
2026.0821 14709.2500
2026.1573 14858.2143
2026.2488 15323.1818
2026.3294 15821.1905
2026.4155 16220.8333
2026.4961 15944.7619
2026.5821 16013.6957
2026.6655 16641.4286
2026.7461 16335.8333
