# 豆一(A) 月度均价 元/吨
2005.0821 2720.7500
2005.1573 2549.0769
2005.2488 2866.5217
2005.3294 2921.6667
2005.4155 2938.7647
2005.4961 3087.6364
2005.5821 3025.4762
2005.6655 2806.2174
2005.7461 2767.3182
2005.8321 2816.8125
2005.9127 2687.4091
2005.9988 2673.1364
2006.0821 2913.6000
2006.1573 3266.2941
2006.2488 3453.2609
2006.3294 3651.1111
2006.4155 3669.0556
2006.4961 3495.8636
2006.5821 3515.8095
2006.6655 3373.7391
2006.7461 2992.3810
2006.8321 2868.6875
2006.9127 2880.1818
2006.9988 2936.8571
2007.0821 2736.8500
2007.1573 2909.3500
2007.2488 3060.0455
2007.3294 3396.6190
2007.4155 3374.8333
2007.4961 3295.7143
2007.5821 3372.4762
2007.6655 3580.6522
2007.7461 4035.5000
2007.8321 4287.2778
2007.9127 4445.5909
2007.9988 4474.0952
2008.0821 4704.5909
2008.16 4952.7500
2008.2488 4934.9524
2008.3294 4168.5000
2008.4155 4534.0000
2008.4961 4871.9524
2008.5821 4839.1739
2008.6655 4183.3333
2008.7461 4055.6500
2008.8321 3337.1000
2008.9127 3278.2000
2008.9988 3132.0435
2009.0821 3414.7333
2009.1573 3470.0500
2009.2488 3495.5000
2009.3294 3484.5714
2009.4155 3521.3684
2009.4961 3677.3636
2009.5821 3551.4348
2009.6655 3707.7143
2009.7461 3619.3182
2009.8321 3699.5625
2009.9127 3800.5714
2009.9988 4003.2174
2010.0821 3949.6500
2010.1573 3800.5333
2010.2488 3854.0435
2010.3294 3935.9048
2010.4155 3901.9500
2010.4961 3831.1579
2010.5821 3893.8182
2010.6655 4040.2273
2010.7461 4070.0000
2010.8321 4307.0000
2010.9127 4468.8636
2010.9988 4437.1739
2011.0821 4509.2000
2011.1573 4553.0000
2011.2488 4509.6957
2011.3294 4577.6316
2011.4155 4413.1905
2011.4961 4440.7619
2011.5821 4578.7619
2011.6655 4622.8261
2011.7461 4549.3333
2011.8321 4320.0000
2011.9127 4332.5000
2011.9988 4294.4286
2012.0821 4326.8000
2012.16 4423.1429
2012.2488 4494.5455
2012.3294 4668.4118
2012.4155 4413.2727
2012.4961 4406.5000
2012.5821 4680.0909
2012.6655 4794.3478
2012.7461 4910.7000
2012.8321 4783.9444
2012.9127 4793.7273
2012.9988 4769.5714
2013.0821 4801.5500
2013.1573 4801.5333
2013.2488 4769.6667
2013.3294 4786.2778
2013.4155 4794.3636
2013.4961 4688.8235
2013.5821 4577.1739
2013.6655 4448.2727
2013.7461 4571.7368
2013.8321 4561.1111
2013.9127 4464.4500
2013.9988 4459.2727
2014.0821 4618.4500
2014.1573 4533.8125
2014.2488 4332.1053
2014.3294 4323.4762
2014.4155 4509.7143
2014.4961 4495.2000
2014.5821 4352.7391
2014.6655 4557.4762
2014.7461 4583.3810
2014.8321 4471.0000
2014.9127 4485.7500
2014.9988 4372.4783
2015.0821 4461.1500
2015.1573 4391.4286
2015.2488 4155.0909
2015.3294 4091.3810
2015.4155 4348.6000
2015.4961 4270.0476
2015.5821 4198.7273
2015.6655 4282.3333
2015.7461 4110.8095
2015.8321 3930.1667
2015.9127 3791.3810
2015.9988 3707.3043
2016.0821 3587.6000
2016.16 3501.3125
2016.2488 3487.3043
2016.3294 3504.3684
2016.4155 3635.3333
2016.4961 3856.7000
2016.5821 3762.4286
2016.6655 3739.0435
2016.7461 3687.5000
2016.8321 3743.5000
2016.9127 3819.0455
2016.9988 4237.5455
2017.0821 4222.5263
2017.1573 4264.2778
2017.2488 3896.9130
2017.3294 3776.5556
2017.4155 3809.3000
2017.4961 3870.2727
2017.5821 3837.2381
2017.6655 3899.1739
2017.7461 3824.9524
2017.8321 3736.2222
2017.9127 3650.2273
2017.9988 3610.7143
2018.0821 3602.5455
2018.1573 3561.6667
2018.2488 3697.1364
2018.3294 3895.0556
2018.4155 3735.2727
2018.4961 3638.0500
2018.5821 3569.5000
2018.6655 3681.5217
2018.7461 3704.4737
2018.8321 3738.0556
2018.9127 3431.0455
2018.9988 3247.1000
2019.0821 3413.3636
2019.1573 3439.7333
2019.2488 3383.0000
2019.3294 3344.5000
2019.4155 3539.4500
2019.4961 3487.2105
2019.5821 3394.2174
2019.6655 3434.5000
2019.7461 3460.8500
2019.8321 3407.1667
2019.9127 3391.2857
2019.9988 3797.8636
2020.0821 4031.6875
2020.16 4111.3000
2020.2488 4345.0909
2020.3294 4659.3333
2020.4155 4452.8333
2020.4961 4680.3500
2020.5821 4720.7826
2020.6655 4584.9524
2020.7461 4489.0000
2020.8321 4757.6250
2020.9127 5323.9048
2020.9988 5540.2609
2021.0821 5756.4500
2021.1573 5812.1333
2021.2488 5938.7826
2021.3294 5792.0952
2021.4155 6000.4444
2021.4961 5710.0476
2021.5821 5790.0000
2021.6655 5794.7273
2021.7461 5893.5500
2021.8321 6142.0625
2021.9127 6312.6818
2021.9988 5970.7826
2022.0821 5930.8947
2022.1573 6186.1250
2022.2488 6232.2174
2022.3294 6189.3158
2022.4155 6272.0526
2022.4961 6133.1905
2022.5821 5836.4762
2022.6655 6097.2609
2022.7461 5906.7619
2022.8321 5724.5000
2022.9127 5601.6364
2022.9988 5360.6364
2023.0821 5341.1875
2023.1573 5578.1000
2023.2488 5473.0870
2023.3294 5073.4737
2023.4155 5030.3500
2023.4961 5042.4000
2023.5821 5103.6190
2023.6655 5120.0435
2023.7461 5144.8000
2023.8321 4954.4706
2023.9127 4997.2273
2023.9988 4908.7619
2024.0821 4789.1818
2024.16 4672.0667
2024.2488 4697.4286
2024.3294 4710.2500
2024.4155 4656.5000
2024.4961 4623.0000
2024.5821 4592.3478
2024.6655 4410.6818
2024.7461 4242.1053
2024.8321 3977.1667
2024.9127 3945.8571
2024.9988 3851.7273
2025.0821 3958.5556
2025.1573 4079.6667
2025.2488 4005.8095
2025.3294 4141.9048
2025.4155 4168.9474
2025.4961 4184.1000
2025.5821 4154.5652
2025.6655 4037.8095
2025.7461 3935.7727
2025.8321 4049.2941
2025.9127 4123.5500
2025.9988 4123.3913
2026.0821 4347.8000
2026.1573 4523.2857
2026.2488 4741.5909
2026.3294 4824.6190
2026.4155 4792.3889
2026.4961 4741.7619
2026.5821 4724.3043
2026.6655 4941.6190
2026.7461 5030.1667
