x LH JD C M Y P SR CF RU AP CJ RM
2021.16 100.00 100.00 100.00 100.00 100.00 100.00 100.00 100.00 100.00 100.00 100.00 100.00
2021.25 103.34 97.10 97.68 94.45 111.66 109.99 100.15 98.61 97.45 90.64 98.50 97.34
2021.33 99.90 102.89 96.73 101.53 104.41 105.42 101.02 97.14 90.95 94.77 97.12 101.39
2021.42 89.15 106.69 98.95 103.03 108.81 113.07 104.85 99.92 90.21 97.47 88.34 103.26
2021.50 70.55 105.46 95.40 100.21 103.82 104.28 102.76 100.23 84.91 102.02 84.71 100.01
2021.58 68.24 102.23 92.11 103.65 108.84 114.37 104.36 106.33 86.65 99.11 95.94 103.24
2021.67 62.58 98.38 91.69 102.09 111.44 120.45 108.24 111.88 92.97 98.98 134.83 100.75
2021.75 54.12 96.54 88.54 100.51 112.26 120.25 109.06 113.28 89.47 95.16 138.71 97.86
2021.83 58.86 100.37 92.10 93.51 121.68 136.45 110.97 136.08 97.12 123.44 143.61 90.28
2021.91 59.88 99.95 95.62 90.78 117.68 135.84 112.42 136.28 96.10 130.59 154.46 91.10
2022.00 53.81 91.99 96.69 90.65 107.79 121.89 108.02 126.22 95.74 134.25 150.23 97.56
2022.08 50.41 90.69 97.70 92.82 114.17 131.17 107.81 135.48 96.41 140.89 128.89 101.78
2022.16 52.37 94.11 99.96 108.66 124.89 149.75 106.74 135.81 93.68 151.47 134.45 120.00
2022.25 48.17 95.77 103.05 119.20 129.82 166.80 108.57 135.92 89.15 157.20 118.57 135.11
2022.33 56.36 105.30 106.38 113.43 133.97 157.81 111.17 136.30 86.94 145.52 115.24 128.25
2022.42 69.84 105.23 106.67 116.88 140.24 166.90 110.77 133.44 84.99 150.39 119.88 126.50
2022.50 71.60 102.88 102.51 116.26 137.93 153.21 111.28 122.19 85.05 145.13 109.17 120.60
2022.58 79.12 96.03 95.76 111.31 114.81 115.56 107.72 98.76 80.56 143.94 114.10 94.53
2022.67 81.78 91.11 97.54 109.85 121.97 120.72 104.05 93.25 82.46 145.67 117.46 97.36
2022.75 83.89 94.61 100.77 113.72 113.37 109.97 103.51 89.71 83.97 139.94 118.21 104.41
2022.83 85.19 98.05 102.38 116.18 116.24 113.38 104.32 84.72 81.80 135.54 112.06 104.98
2022.91 78.06 95.78 102.92 120.59 114.82 118.29 105.06 83.90 82.42 134.07 108.05 104.98
2023.00 65.20 95.29 100.58 117.12 109.56 113.64 105.93 87.94 84.38 131.78 103.15 105.43
2023.08 55.72 97.00 103.06 110.77 107.37 113.27 106.11 92.03 85.95 139.82 101.68 109.18
2023.16 59.16 96.95 101.56 110.41 108.21 114.55 110.52 92.35 82.67 145.44 102.53 109.25
2023.25 58.89 96.45 100.47 105.19 103.26 111.27 115.47 90.41 78.67 143.14 96.16 100.67
2023.33 57.99 94.67 97.33 101.09 98.25 106.16 125.96 94.55 77.33 135.51 97.03 98.80
2023.42 57.49 91.53 92.39 99.48 89.52 97.20 129.67 99.71 78.70 140.58 102.14 102.61
2023.50 58.22 90.90 95.44 103.33 91.15 97.93 127.97 105.27 78.62 139.58 99.32 106.97
2023.58 57.26 93.44 97.92 117.34 100.05 108.43 127.19 107.89 80.22 141.51 106.39 125.55
2023.67 62.74 95.04 97.29 119.21 101.43 108.27 127.57 109.07 84.01 144.26 125.42 123.09
2023.75 61.61 99.05 95.26 115.27 101.23 106.42 129.81 109.65 92.98 149.72 131.33 109.49
2023.83 59.68 95.58 90.60 111.15 98.08 102.85 127.09 104.65 94.89 148.54 130.66 100.04
2023.91 57.25 95.35 90.96 115.08 101.84 105.61 128.30 98.45 92.60 147.84 141.06 100.19
2024.00 51.52 84.86 87.66 101.11 96.12 101.74 117.69 96.83 89.27 137.46 149.63 97.22
2024.08 50.47 74.20 85.16 88.49 92.33 103.88 118.74 99.74 89.86 135.04 134.00 89.00
2024.16 51.93 74.42 87.01 86.12 89.28 103.56 119.45 102.41 89.00 135.03 122.95 84.44
2024.25 55.86 77.14 87.01 92.57 95.09 114.13 119.93 101.30 94.58 132.71 122.71 89.73
2024.33 64.14 80.65 86.20 95.64 94.46 110.62 118.37 101.75 95.29 125.68 121.25 93.39
2024.42 66.12 88.19 87.81 101.88 97.59 108.37 115.93 97.34 96.46 122.25 121.43 98.30
2024.50 65.32 87.54 88.71 97.75 97.10 109.30 114.88 93.66 99.57 114.31 110.95 91.25
2024.58 66.72 88.33 86.31 91.54 95.75 112.01 115.14 92.07 95.52 113.48 103.32 86.03
2024.67 67.62 85.34 82.68 85.23 92.51 110.59 108.96 86.51 104.62 113.16 101.11 76.55
2024.75 64.89 79.24 79.15 88.13 96.72 115.46 107.18 87.60 113.86 112.32 93.54 85.94
2024.83 56.92 77.67 79.30 85.68 102.63 128.70 109.99 89.38 118.70 112.48 96.06 82.67
2024.91 56.48 79.03 78.86 83.35 103.41 140.89 110.27 88.77 116.66 126.33 96.14 80.72
2025.00 49.96 78.24 77.21 76.11 96.35 134.50 111.90 86.34 119.18 124.40 92.20 78.92
2025.08 47.43 72.01 81.01 78.68 94.57 121.09 109.42 85.84 112.72 111.83 89.96 81.86
2025.16 47.79 71.68 82.04 82.98 98.48 129.54 110.93 87.15 115.69 116.89 91.68 87.23
2025.25 49.08 68.21 82.11 82.85 98.33 128.49 112.25 86.25 112.14 120.42 89.31 89.20
2025.33 51.61 66.14 82.85 86.96 95.85 119.88 111.69 82.31 98.46 128.69 89.63 91.30
2025.42 50.40 65.25 83.90 83.75 95.97 114.54 109.07 84.06 95.95 126.27 87.87 87.39
2025.50 50.45 78.60 85.09 86.25 97.49 118.31 106.70 85.63 90.51 125.09 89.38 89.82
2025.58 52.25 79.27 83.17 85.72 99.48 125.06 108.39 88.39 95.44 128.33 102.78 90.87
2025.67 51.00 69.84 79.28 88.61 104.07 133.16 105.34 88.69 102.51 132.54 110.99 88.66
2025.75 47.94 67.30 78.23 86.42 102.51 133.27 102.96 87.19 103.33 136.06 107.34 85.31
2025.83 44.44 65.91 76.17 83.88 101.70 131.17 101.73 85.26 99.24 144.87 106.89 80.76
2025.91 42.75 71.71 78.27 86.81 101.25 123.33 101.36 85.87 99.49 152.22 91.78 84.60
2026.00 41.79 66.21 79.81 79.45 97.82 122.15 97.82 88.84 100.39 152.98 88.24 80.74
2026.08 42.72 66.94 81.52 79.11 99.64 126.11 97.66 93.21 105.26 156.62 87.32 78.60
2026.16 42.32 68.76 82.55 79.27 100.38 127.31 97.82 94.16 108.21 157.50 86.29 77.75
2026.25 38.97 75.51 85.37 85.04 105.85 136.81 100.92 97.11 109.02 166.52 87.26 81.88
2026.33 38.23 72.78 85.79 85.24 105.62 138.49 100.00 100.26 111.50 136.46 87.14 79.60
2026.42 40.40 97.67 84.14 85.96 105.32 136.78 101.17 102.79 115.90 123.55 90.11 80.27
2026.50 43.82 101.65 83.38 84.32 103.90 134.14 99.25 101.04 115.11 124.02 86.94 77.88
2026.58 42.93 95.99 82.10 88.07 105.19 132.91 97.12 101.48 110.12 125.03 79.16 79.46
2026.67 44.33 85.51 80.91 91.79 106.68 140.44 98.65 105.46 118.02 126.30 79.53 76.72
2026.75 41.75 83.97 80.28 97.52 111.60 143.82 100.78 103.52 124.83 119.78 74.10 80.38
