# 棉纱(CY) 月度均价 元/吨
2017.6655 23048.5714
2017.7461 23179.7619
2017.8321 22934.7059
2017.9127 23035.6818
2017.9988 23166.4286
2018.0821 23228.3333
2018.1573 23238.1818
2018.2488 23179.5000
2018.3294 23140.0000
2018.4155 25305.2778
2018.4961 25601.2500
2018.5821 24889.0909
2018.6655 25716.0870
2018.7461 26307.8947
2018.8321 24273.3333
2018.9127 23149.0909
2018.9988 23813.5000
2019.0821 24295.4545
2019.1573 24450.0000
2019.2488 24484.0476
2019.3294 24571.7500
2019.4155 22914.0000
2019.4961 21379.7368
2019.5821 21575.9091
2019.6655 20472.0455
2019.7461 20700.0000
2019.8321 20650.0000
2019.9127 20856.4286
2019.9988 21322.7273
2020.0821 22025.6250
2020.16 20981.5000
2020.2488 19320.4545
2020.3294 18641.9048
2020.4155 19091.9444
2020.4961 19283.0000
2020.5821 19238.2609
2020.6655 19450.4762
2020.7461 19591.3636
2020.8321 21309.0625
2020.9127 20635.0000
2020.9988 21420.4348
2021.0821 22005.7500
2021.1573 22863.3333
2021.2488 23043.2609
2021.3294 22768.3333
2021.4155 23550.5556
2021.4961 23585.9524
2021.5821 25040.4545
2021.6655 26314.5455
2021.7461 25295.7500
2021.8321 29185.6250
2021.9127 29203.6364
2021.9988 26910.8696
2022.0821 28737.1053
2022.1573 28613.1250
2022.2488 28422.1739
2022.3294 27480.2632
2022.4155 27306.5789
2022.4961 25540.9524
2022.5821 22193.0952
2022.6655 22924.1304
2022.7461 21209.0476
2022.8321 20312.1875
2022.9127 20461.3636
2022.9988 20917.9545
2023.0821 22120.3125
2023.1573 21748.0000
2023.2488 21243.9130
2023.3294 21895.5263
2023.4155 22767.2500
2023.4961 23450.7500
2023.5821 23709.2857
2023.6655 23130.6522
2023.7461 23216.7500
2023.8321 22406.4706
2023.9127 21264.7727
2023.9988 20675.4762
2024.0821 21888.8636
2024.16 22258.6667
2024.2488 21422.6190
2024.3294 21021.0000
2024.4155 21108.5000
2024.4961 20507.6316
2024.5821 20186.3043
2024.6655 19192.7273
2024.7461 19506.8421
2024.8321 19760.8333
2024.9127 19793.0952
2024.9988 19603.8636
2025.0821 19563.8889
2025.1573 19946.1111
2025.2488 19732.1429
2025.3294 18987.1429
2025.4155 19522.1053
2025.4961 19772.2500
2025.5821 20141.5217
2025.6655 19990.7143
2025.7461 19822.7273
2025.8321 19630.0000
2025.9127 19864.2500
2025.9988 20148.9130
2026.0821 20639.0000
2026.1573 20708.9286
2026.2488 21403.4091
2026.3294 22044.2857
2026.4155 22244.4444
2026.4961 22358.5714
2026.5821 22466.7391
2026.6655 22794.7619
2026.7461 22371.1111
