# 棉花(CF) 月度价格指数 2021-01=100
2021.0821 100.0000
2021.1573 104.0245
2021.2488 102.5785
2021.3294 101.0502
2021.4155 103.9385
2021.4961 104.2600
2021.5821 110.6107
2021.6655 116.3849
2021.7461 117.8417
2021.8321 141.5587
2021.9127 141.7647
2021.9988 131.2946
2022.0821 140.9338
2022.1573 141.2744
2022.2488 141.3893
2022.3294 141.7838
2022.4155 138.8139
2022.4961 127.1113
2022.5821 102.7343
2022.6655 96.9996
2022.7461 93.3248
2022.8321 88.1333
2022.9127 87.2759
2022.9988 91.4829
2023.0821 95.7287
2023.1573 96.0628
2023.2488 94.0474
2023.3294 98.3535
2023.4155 103.7229
2023.4961 109.5043
2023.5821 112.2318
2023.6655 113.4628
2023.7461 114.0611
2023.8321 108.8640
2023.9127 102.4109
2023.9988 100.7269
2024.0821 103.7561
2024.16 106.5361
2024.2488 105.3809
2024.3294 105.8456
2024.4155 101.2525
2024.4961 97.4289
2024.5821 95.7786
2024.6655 89.9922
2024.7461 91.1264
2024.8321 92.9790
2024.9127 92.3438
2024.9988 89.8139
2025.0821 89.2947
2025.1573 90.6571
2025.2488 89.7195
2025.3294 85.6198
2025.4155 87.4400
2025.4961 89.0784
2025.5821 91.9465
2025.6655 92.2606
2025.7461 90.7023
2025.8321 88.6880
2025.9127 89.3240
2025.9988 92.4194
2026.0821 96.9660
2026.1573 97.9480
2026.2488 101.0131
2026.3294 104.2961
2026.4155 106.9306
2026.4961 105.1107
2026.5821 105.5651
2026.6655 109.7032
2026.7461 107.6887
