# 早籼稻(RI) 月度均价 元/吨
2009.3294 2039.4444
2009.4155 2037.4211
2009.4961 2050.7273
2009.5821 2046.8261
2009.6655 2092.2381
2009.7461 2056.9545
2009.8321 2017.1875
2009.9127 2074.9048
2009.9988 2108.6957
2010.0821 2132.3000
2010.1573 2101.6000
2010.2488 2152.0000
2010.3294 2135.0476
2010.4155 2057.7500
2010.4961 2044.1500
2010.5821 2125.5455
2010.6655 2154.2273
2010.7461 2182.0000
2010.8321 2316.9412
2010.9127 2403.5455
2010.9988 2387.0000
2011.0821 2538.2500
2011.1573 2635.0667
2011.2488 2593.7391
2011.3294 2515.7895
2011.4155 2501.6190
2011.4961 2517.3333
2011.5821 2508.0476
2011.6655 2582.2609
2011.7461 2553.0476
2011.8321 2537.5625
2011.9127 2488.5000
2011.9988 2478.5714
2012.0821 2559.0000
2012.16 2657.5714
2012.2488 2684.5455
2012.3294 2666.7647
2012.4155 2638.5455
2012.4961 2678.9500
2012.5821 2727.5909
2012.6655 2801.0435
2012.7461 2757.6500
2012.8321 2659.8889
2012.9127 2694.3182
2012.9988 2719.3333
2013.0821 2704.4000
2013.1573 2695.0000
2013.2488 2624.0476
2013.3294 2600.7778
2013.4155 2620.6818
2013.4961 2618.9412
2013.5821 2566.7391
2013.6655 2488.0000
2013.7461 2491.1053
2013.8321 2469.0556
2013.9127 2483.0000
2013.9988 2396.2273
2014.0821 2270.8000
2014.1573 2331.8750
2014.2488 2309.2632
2014.3294 2320.4286
2014.4155 2383.0500
2014.4961 2399.9000
2014.5821 2364.1739
2014.6655 2227.2381
2014.7461 2304.0000
2014.8321 2291.0588
2014.9127 2247.5500
2014.9988 2225.0870
2015.0821 2291.4000
2015.1573 2304.2143
2015.2488 2339.0455
2015.3294 2535.0952
2015.4155 2570.3500
2015.4961 2607.3889
2015.5821 2609.3913
2015.6655 2549.1905
2015.7461 2481.7143
2015.8321 2488.7059
2015.9127 2506.5714
2015.9988 2568.8261
2016.0821 2705.3333
2016.16 2567.4545
2016.2488 2532.6957
2016.3294 2728.0000
2016.4155 2714.8000
2016.4961 2696.8500
2016.5821 2811.7619
2016.6655 2752.2609
2016.7461 2607.2632
2016.8321 2579.9231
2016.9127 2747.0455
2016.9988 2688.2632
2017.0821 2685.1111
2017.1573 2728.8750
2017.2488 2731.6250
2017.3294 2719.8571
2017.4155 2707.6842
2017.4961 2720.7273
2017.5821 2730.3810
2017.6655 2730.1500
2017.7461 2800.6875
2017.8321 2720.7500
2017.9127 2788.2000
2017.9988 2735.1667
2018.0821 2799.0000
2018.1573 2900.0000
2018.2488 2767.6667
2018.3294 2739.7500
2018.4155 2632.3333
2018.4961 2483.6000
2018.5821 2532.8182
2018.6655 2526.1739
2018.7461 2438.7368
2018.8321 2337.5556
2018.9127 2405.9333
2019.0821 2400.0000
2019.1573 2372.0000
2019.2488 2240.3333
2019.3294 2309.0000
2019.4155 2316.0000
2019.4961 2344.6842
2019.5821 2347.6522
2019.6655 2557.4000
2019.7461 2723.0000
2019.8321 2687.0000
2019.9127 2618.0000
2019.9988 2641.7143
2020.16 2619.3000
2020.2488 2630.7619
2020.3294 2620.6000
2020.4155 2607.0000
2020.4961 2586.7647
2020.5821 2608.5455
2020.6655 2638.4444
2020.9988 2788.0000
2021.2488 2719.0000
2021.3294 2699.0000
2021.6655 2551.0000
2021.7461 2670.2857
2021.8321 2710.1667
2021.9127 2793.0000
2021.9988 2801.0000
2022.0821 2780.5000
2022.1573 2844.5000
2022.2488 2974.2727
2022.3294 3003.5833
2022.4155 3001.0000
2022.4961 2527.5000
