# 油菜籽(RS) 月度价格指数 2021-01=100
2021.0821 100.0000
2021.1573 102.0776
2021.2488 102.1468
2021.3294 97.1793
2021.4155 97.2684
2021.4961 97.9550
2021.5821 97.7446
2021.6655 101.9028
2021.7461 102.4108
2021.8321 108.2038
2021.9127 108.3403
2021.9988 102.3051
2022.0821 100.0850
2022.1573 100.5332
2022.2488 104.9301
2022.3294 106.3409
2022.4155 110.4030
2022.4961 113.5148
2022.5821 108.1995
2022.6655 110.2233
2022.7461 102.1720
2022.8321 97.8530
2022.9127 99.4121
2022.9988 99.6836
2023.0821 101.2613
2023.1573 101.4941
2023.2488 98.2632
2023.3294 93.1381
2023.4155 93.1790
2023.4961 98.7229
2023.5821 100.4858
2023.6655 102.2033
2023.7461 103.9761
2023.8321 106.9673
2023.9127 102.6769
2023.9988 102.0809
2024.0821 102.4311
2024.16 101.2433
2024.2488 100.8924
2024.3294 94.1826
2024.4155 97.5398
2024.4961 93.2037
2024.5821 88.6906
2024.6655 84.4799
2024.7461 85.8236
2024.8321 84.8652
2024.9127 99.0684
2024.9988 97.7910
2025.0821 97.7215
2025.1573 98.0183
2025.2488 97.5955
2025.3294 94.8854
2025.4155 89.6148
2025.4961 86.0155
2025.5821 86.0879
2025.6655 83.6112
2025.7461 88.2336
2025.8321 89.3524
2025.9127 92.0987
2025.9988 90.9746
2026.0821 93.5851
2026.1573 96.1413
2026.2488 99.5284
2026.3294 97.0907
2026.4155 96.7768
2026.4961 99.6549
2026.5821 99.5317
2026.6655 98.4769
2026.7461 94.6803
