# 粳米(RR) 月度价格指数 2021-01=100
2021.0821 100.0000
2021.1573 98.9499
2021.2488 98.1561
2021.3294 98.2449
2021.4155 97.6145
2021.4961 95.8351
2021.5821 95.6306
2021.6655 95.7601
2021.7461 94.9054
2021.8321 93.0318
2021.9127 93.7175
2021.9988 91.1011
2022.0821 90.8103
2022.1573 93.4999
2022.2488 93.3639
2022.3294 91.9614
2022.4155 92.8511
2022.4961 90.8513
2022.5821 90.7815
2022.6655 91.6556
2022.7461 92.2843
2022.8321 91.8768
2022.9127 92.1684
2022.9988 91.5505
2023.0821 90.7287
2023.1573 91.4769
2023.2488 91.3358
2023.3294 92.7411
2023.4155 92.8188
2023.4961 94.3505
2023.5821 95.6425
2023.6655 96.6578
2023.7461 97.2852
2023.8321 95.5801
2023.9127 96.1621
2023.9988 95.5663
2024.0821 95.7083
2024.16 93.9155
2024.2488 95.2743
2024.3294 97.6813
2024.4155 95.8063
2024.4961 94.7077
2024.5821 94.7607
2024.6655 95.0694
2024.7461 94.6849
2024.8321 94.9945
2024.9127 94.9202
2024.9988 93.0133
2025.0821 95.0744
2025.1573 96.0618
2025.2488 94.9241
2025.3294 95.9849
2025.4155 98.1995
2025.4961 97.9038
2025.5821 97.8081
2025.6655 98.0459
2025.7461 97.9950
2025.8321 97.4619
2025.9127 97.3625
2025.9988 97.8046
2026.0821 98.0531
2026.1573 98.0478
2026.2488 97.6940
2026.3294 97.5523
2026.4155 96.6724
2026.4961 97.2797
2026.5821 97.1793
2026.6655 97.9399
2026.7461 97.6477
