# 菜油(OI) 月度均价 元/吨
2007.4961 8609.1250
2007.5821 8875.0476
2007.6655 9169.1304
2007.7461 9304.8000
2007.8321 9569.1111
2007.9127 10400.8182
2007.9988 10599.5238
2008.0821 11036.5455
2008.16 12902.2500
2008.2488 13112.4762
2008.3294 11950.0000
2008.4155 11627.8182
2008.4961 12274.7619
2008.5821 11989.0435
2008.6655 9630.6667
2008.7461 8803.5000
2008.8321 6717.0000
2008.9127 6572.2000
2008.9988 6077.6522
2009.0821 6622.8000
2009.1573 6917.0000
2009.2488 6732.8182
2009.3294 7190.2857
2009.4155 7748.5263
2009.4961 7817.1818
2009.5821 7466.9565
2009.6655 7760.5714
2009.7461 7487.1818
2009.8321 7738.0000
2009.9127 8091.9048
2009.9988 8406.6957
2010.0821 8220.1000
2010.1573 7976.8000
2010.2488 8117.2174
2010.3294 8254.0000
2010.4155 8192.9000
2010.4961 8187.8000
2010.5821 8285.7273
2010.6655 8654.5455
2010.7461 8790.7000
2010.8321 9451.7647
2010.9127 9841.1818
2010.9988 10277.8261
2011.0821 10826.7000
2011.1573 10679.0667
2011.2488 10322.7826
2011.3294 10435.5789
2011.4155 10391.1429
2011.4961 10544.2857
2011.5821 10545.4286
2011.6655 10433.0435
2011.7461 10294.4762
2011.8321 9851.0000
2011.9127 9681.9091
2011.9988 9421.3333
2012.0821 9510.6667
2012.16 9751.1429
2012.2488 10058.4545
2012.3294 10563.8824
2012.4155 10463.2727
2012.4961 10195.5000
2012.5821 10248.4545
2012.6655 10336.3478
2012.7461 10226.2000
2012.8321 9940.1111
2012.9127 9641.0909
2012.9988 9826.3810
2013.0821 9939.4000
2013.1573 9838.5333
2013.2488 9802.0952
2013.3294 9622.0000
2013.4155 9881.3636
2013.4961 8704.3529
2013.5821 8013.4783
2013.6655 7636.8182
2013.7461 7542.1053
2013.8321 7375.6667
2013.9127 7546.4000
2013.9988 7346.3636
2014.0821 6928.3000
2014.1573 7030.0000
2014.2488 7131.8947
2014.3294 7180.4762
2014.4155 7262.6000
2014.4961 6998.0000
2014.5821 6604.4348
2014.6655 6246.6667
2014.7461 6047.9048
2014.8321 5943.6667
2014.9127 6075.7000
2014.9988 5925.3043
2015.0821 5980.6000
2015.1573 5808.8571
2015.2488 5873.7273
2015.3294 5932.2857
2015.4155 6037.5000
2015.4961 6058.6667
2015.5821 5960.0000
2015.6655 5750.5714
2015.7461 5641.0000
2015.8321 5709.3750
2015.9127 5639.5238
2015.9988 5684.2609
2016.0821 5581.0000
2016.16 5568.1250
2016.2488 5752.8696
2016.3294 6058.4211
2016.4155 6028.0000
2016.4961 6177.4000
2016.5821 6399.7143
2016.6655 6347.1304
2016.7461 6298.1000
2016.8321 6734.2500
2016.9127 7018.5455
2016.9988 7479.0000
2017.0821 7152.0000
2017.1573 7007.8889
2017.2488 6670.4348
2017.3294 6303.1111
2017.4155 6398.0000
2017.4961 6269.3636
2017.5821 6678.2857
2017.6655 6877.7391
2017.7461 6859.5238
2017.8321 6727.5000
2017.9127 6823.6364
2017.9988 6600.0952
2018.0821 6508.8182
2018.1573 6330.9333
2018.2488 6399.5455
2018.3294 6527.8889
2018.4155 6673.5455
2018.4961 6638.1500
2018.5821 6537.8182
2018.6655 6639.3478
2018.7461 6689.4211
2018.8321 6673.0556
2018.9127 6392.7727
2018.9988 6571.4000
2019.0821 6573.3182
2019.1573 6674.2667
2019.2488 6995.0476
2019.3294 6989.5789
2019.4155 7015.1000
2019.4961 7006.1579
2019.5821 6904.7273
2019.6655 7293.0455
2019.7461 7333.7000
2019.8321 7254.1667
2019.9127 7526.4286
2019.9988 7549.3182
2020.0821 7744.3750
2020.16 7545.5000
2020.2488 6976.8636
2020.3294 6829.7619
2020.4155 6780.8333
2020.4961 7307.4000
2020.5821 8164.3478
2020.6655 8787.7619
2020.7461 8846.0000
2020.8321 9184.6250
2020.9127 9764.2857
2020.9988 9533.5217
2021.0821 9919.3000
2021.1573 9993.1333
2021.2488 10584.9130
2021.3294 10573.9524
2021.4155 10632.7778
2021.4961 10209.1905
2021.5821 10363.4545
2021.6655 10549.4545
2021.7461 10920.8000
2021.8321 12402.6250
2021.9127 12571.0909
2021.9988 12291.1304
2022.0821 12034.6842
2022.1573 12303.3125
2022.2488 12866.0435
2022.3294 13226.7895
2022.4155 13595.2105
2022.4961 13392.0476
2022.5821 11089.8095
2022.6655 11539.7826
2022.7461 10525.7619
2022.8321 11118.8750
2022.9127 11427.6818
2022.9988 10682.0000
2023.0821 10151.2500
2023.1573 9877.0500
2023.2488 9040.0435
2023.3294 8515.0000
2023.4155 7943.1500
2023.4961 8176.7500
2023.5821 9558.1429
2023.6655 9276.1739
2023.7461 8927.2000
2023.8321 8683.1765
2023.9127 8557.4091
2023.9988 8159.8095
2024.0821 7906.2727
2024.16 7727.0000
2024.2488 8142.4286
2024.3294 8211.8000
2024.4155 8796.7000
2024.4961 8450.5789
2024.5821 8564.0435
2024.6655 8177.1818
2024.7461 8997.2632
2024.8321 9534.7222
2024.9127 9315.8095
2024.9988 8893.8182
2025.0821 8654.3889
2025.1573 8758.1667
2025.2488 9061.7143
2025.3294 9356.0952
2025.4155 9370.3684
2025.4961 9400.6000
2025.5821 9507.9565
2025.6655 9748.1905
2025.7461 9934.6364
2025.8321 9829.7647
2025.9127 9731.1500
2025.9988 9197.3043
2026.0821 9086.0500
2026.1573 9153.2143
2026.2488 9761.4545
2026.3294 9623.8571
2026.4155 9733.4444
2026.4961 9861.2857
2026.5821 9907.3043
2026.6655 10280.4762
2026.7461 10223.8889
