# 棕榈油(P) 月度均价 元/吨
2007.8321 8504.0000
2007.9127 8706.1818
2007.9988 8798.3810
2008.0821 9684.3636
2008.16 10902.3750
2008.2488 10990.6667
2008.3294 10313.4545
2008.4155 10453.6364
2008.4961 10646.0952
2008.5821 9932.1739
2008.6655 7712.5714
2008.7461 6722.5000
2008.8321 4952.9000
2008.9127 4592.0000
2008.9988 4803.7391
2009.0821 5321.6000
2009.1573 5241.4000
2009.2488 5284.7273
2009.3294 6106.0000
2009.4155 6721.5789
2009.4961 6343.5455
2009.5821 5741.3913
2009.6655 6452.4762
2009.7461 5937.7273
2009.8321 6089.1250
2009.9127 6386.0000
2009.9988 6941.1304
2010.0821 6924.6000
2010.1573 6784.1333
2010.2488 6916.9565
2010.3294 6955.2381
2010.4155 6697.2000
2010.4961 6474.2105
2010.5821 6456.2727
2010.6655 7102.5455
2010.7461 7449.3000
2010.8321 8220.5882
2010.9127 8916.4545
2010.9988 9413.3043
2011.0821 9815.3333
2011.1573 9764.2667
2011.2488 9243.6522
2011.3294 9250.4211
2011.4155 9085.6190
2011.4961 9101.6190
2011.5821 9027.8095
2011.6655 8912.4348
2011.7461 8640.8571
2011.8321 7943.2500
2011.9127 8011.6364
2011.9988 7906.8571
2012.0821 8058.0000
2012.16 8259.9048
2012.2488 8535.7273
2012.3294 8873.6471
2012.4155 8248.8182
2012.4961 7845.5000
2012.5821 8026.0909
2012.6655 7908.6957
2012.7461 7779.6000
2012.8321 7052.4444
2012.9127 6776.7273
2012.9988 6829.6190
2013.0821 6776.1000
2013.1573 6985.0667
2013.2488 6439.3333
2013.3294 6148.0000
2013.4155 6049.4545
2013.4961 6103.2941
2013.5821 5688.3478
2013.6655 5531.0909
2013.7461 5486.4211
2013.8321 5822.7778
2013.9127 6304.3000
2013.9988 6113.4545
2014.0821 5849.9000
2014.1573 6044.1250
2014.2488 6261.2632
2014.3294 6173.9048
2014.4155 5957.3333
2014.4961 5902.4000
2014.5821 5720.0870
2014.6655 5412.9524
2014.7461 5190.9524
2014.8321 5217.4118
2014.9127 5322.5000
2014.9988 4998.9565
2015.0821 4918.4000
2015.1573 4894.8000
2015.2488 4781.7273
2015.3294 4771.1429
2015.4155 5053.7000
2015.4961 5188.5000
2015.5821 4895.3636
2015.6655 4478.7619
2015.7461 4323.1429
2015.8321 4533.6471
2015.9127 4259.2381
2015.9988 4697.0435
2016.0821 4692.1000
2016.16 4917.1250
2016.2488 5249.4783
2016.3294 5580.2105
2016.4155 5273.6190
2016.4961 5199.3000
2016.5821 5014.5714
2016.6655 5380.0000
2016.7461 5582.7000
2016.8321 5764.5000
2016.9127 6108.0000
2016.9988 6286.0000
2017.0821 6244.5263
2017.1573 6017.6667
2017.2488 5613.9130
2017.3294 5212.0000
2017.4155 5400.4000
2017.4961 5242.0909
2017.5821 5290.0000
2017.6655 5431.7391
2017.7461 5628.0000
2017.8321 5624.2500
2017.9127 5544.7273
2017.9988 5287.4286
2018.0821 5259.3636
2018.1573 5175.2000
2018.2488 5132.6364
2018.3294 5050.3333
2018.4155 5069.2727
2018.4961 4868.6000
2018.5821 4753.4545
2018.6655 4906.6957
2018.7461 4823.1579
2018.8321 4737.2222
2018.9127 4326.0000
2018.9988 4520.6000
2019.0821 4694.0000
2019.1573 4718.2667
2019.2488 4507.1429
2019.3294 4554.7000
2019.4155 4428.5000
2019.4961 4355.1579
2019.5821 4251.3913
2019.6655 4714.0909
2019.7461 4805.8000
2019.8321 4905.8889
2019.9127 5451.4286
2019.9988 5952.0000
2020.0821 6231.7500
2020.16 5535.1000
2020.2488 4836.2727
2020.3294 4628.8571
2020.4155 4511.1111
2020.4961 4977.3000
2020.5821 5334.2609
2020.6655 5746.6667
2020.7461 5999.2727
2020.8321 6144.7500
2020.9127 6619.2381
2020.9988 6754.2609
2021.0821 6841.6000
2021.1573 7003.0667
2021.2488 7702.4348
2021.3294 7382.8571
2021.4155 7918.6667
2021.4961 7302.7619
2021.5821 8009.3636
2021.6655 8435.0909
2021.7461 8421.3000
2021.8321 9556.0000
2021.9127 9513.2727
2021.9988 8536.2609
2022.0821 9186.2105
2022.1573 10487.1250
2022.2488 11681.0435
2022.3294 11051.2632
2022.4155 11687.7895
2022.4961 10729.1429
2022.5821 8092.5714
2022.6655 8454.3478
2022.7461 7701.6190
2022.8321 7939.8750
2022.9127 8283.8182
2022.9988 7958.3636
2023.0821 7932.3750
2023.1573 8022.2000
2023.2488 7792.0000
2023.3294 7434.5263
2023.4155 6806.9000
2023.4961 6858.2000
2023.5821 7593.5238
2023.6655 7582.4348
2023.7461 7452.9000
2023.8321 7202.5882
2023.9127 7395.7273
2023.9988 7124.6667
2024.0821 7274.5455
2024.16 7252.2667
2024.2488 7992.4762
2024.3294 7747.0000
2024.4155 7589.1000
2024.4961 7654.4211
2024.5821 7844.4348
2024.6655 7745.0000
2024.7461 8085.5789
2024.8321 9012.6667
2024.9127 9866.3810
2024.9988 9419.4545
2025.0821 8480.1111
2025.1573 9071.5556
2025.2488 8998.2857
2025.3294 8395.1429
2025.4155 8021.4737
2025.4961 8285.5000
2025.5821 8758.2609
2025.6655 9325.0476
2025.7461 9332.7273
2025.8321 9186.2353
2025.9127 8636.9000
2025.9988 8554.1739
2026.0821 8831.5000
2026.1573 8915.7143
2026.2488 9581.1818
2026.3294 9698.7143
2026.4155 9579.0556
2026.4961 9393.8095
2026.5821 9307.4348
2026.6655 9835.0000
2026.7461 10071.6667
