# 苹果(AP) 月度价格指数 2021-01=100
2021.0821 100.0000
2021.1573 99.3816
2021.2488 90.0831
2021.3294 94.1829
2021.4155 96.8679
2021.4961 101.3853
2021.5821 98.4936
2021.6655 98.3657
2021.7461 94.5689
2021.8321 122.6761
2021.9127 129.7790
2021.9988 133.4185
2022.0821 140.0192
2022.1573 150.5377
2022.2488 156.2268
2022.3294 144.6211
2022.4155 149.4558
2022.4961 144.2329
2022.5821 143.0522
2022.6655 144.7704
2022.7461 139.0751
2022.8321 134.7052
2022.9127 133.2450
2022.9988 130.9696
2023.0821 138.9557
2023.1573 144.5405
2023.2488 142.2588
2023.3294 134.6762
2023.4155 139.7085
2023.4961 138.7151
2023.5821 140.6329
2023.6655 143.3672
2023.7461 148.7904
2023.8321 147.6188
2023.9127 146.9227
2023.9988 136.6085
2024.0821 134.2023
2024.16 134.1972
2024.2488 131.8850
2024.3294 124.9004
2024.4155 121.4932
2024.4961 113.6071
2024.5821 112.7768
2024.6655 112.4610
2024.7461 111.6279
2024.8321 111.7813
2024.9127 125.5513
2024.9988 123.6349
2025.0821 111.1400
2025.1573 116.1693
2025.2488 119.6736
2025.3294 127.8925
2025.4155 125.4902
2025.4961 124.3159
2025.5821 127.5394
2025.6655 131.7194
2025.7461 135.2211
2025.8321 143.9779
2025.9127 151.2795
2025.9988 152.0378
2026.0821 155.6530
2026.1573 156.5269
2026.2488 165.4919
2026.3294 135.6152
2026.4155 122.7900
2026.4961 123.2558
2026.5821 124.2587
2026.6655 125.5157
2026.7461 119.0416
