# 纸浆(SP) 月度均价 元/吨
2018.9127 5225.5000
2018.9988 5072.8000
2019.0821 5299.7273
2019.1573 5513.4667
2019.2488 5408.9524
2019.3294 5379.2000
2019.4155 4985.0000
2019.4961 4592.3158
2019.5821 4606.8696
2019.6655 4644.3636
2019.7461 4739.8000
2019.8321 4638.0000
2019.9127 4543.3333
2019.9988 4498.4545
2020.0821 4639.6250
2020.16 4506.5000
2020.2488 4513.5455
2020.3294 4556.1905
2020.4155 4430.6667
2020.4961 4418.0000
2020.5821 4426.2609
2020.6655 4576.8571
2020.7461 4752.0909
2020.8321 4650.0000
2020.9127 4733.2381
2020.9988 5245.4783
2021.0821 6240.2000
2021.1573 6896.0000
2021.2488 7184.3478
2021.3294 7193.7143
2021.4155 6867.6667
2021.4961 6052.7619
2021.5821 6281.0000
2021.6655 6248.8182
2021.7461 6120.7000
2021.8321 5305.3750
2021.9127 5086.4545
2021.9988 5796.5217
2022.0821 6149.8947
2022.1573 6485.7500
2022.2488 6955.3043
2022.3294 7047.0526
2022.4155 7264.1053
2022.4961 6941.9048
2022.5821 6710.4762
2022.6655 6806.0870
2022.7461 6782.5714
2022.8321 6773.5000
2022.9127 6850.5455
2022.9988 6931.8182
2023.0821 6569.0000
2023.1573 6669.7000
2023.2488 6017.5652
2023.3294 5405.3684
2023.4155 5191.9000
2023.4961 5138.0000
2023.5821 5340.8571
2023.6655 5458.8696
2023.7461 5916.5000
2023.8321 6155.4118
2023.9127 5942.0909
2023.9988 5666.4762
2024.0821 5751.5455
2024.16 5725.2000
2024.2488 6027.0476
2024.3294 6267.3000
2024.4155 6315.4000
2024.4961 5990.3158
2024.5821 5750.0000
2024.6655 5776.9091
2024.7461 5800.1053
2024.8321 5834.1111
2024.9127 5849.9048
2024.9988 5846.5455
2025.0821 6011.1111
2025.1573 6077.5556
2025.2488 5828.3810
2025.3294 5385.7143
2025.4155 5324.0000
2025.4961 5195.7000
2025.5821 5245.3913
2025.6655 5171.2381
2025.7461 5013.1818
2025.8321 5150.1176
2025.9127 5349.5000
2025.9988 5513.1304
2026.0821 5436.0000
2026.1573 5266.8571
2026.2488 5206.0000
2026.3294 5068.0000
2026.4155 5034.0000
2026.4961 4818.0952
2026.5821 4774.9565
2026.6655 4727.5238
2026.7461 4841.8889
