# 粳稻(JR) 月度均价 元/吨
2013.9127 3083.7778
2013.9988 3082.7727
2014.0821 3096.7500
2014.1573 3090.6875
2014.2488 3122.7895
2014.3294 3162.9048
2014.4155 3266.2857
2014.4961 3235.5385
2014.5821 3247.0952
2014.6655 3233.0000
2014.7461 3305.7895
2014.8321 3147.0000
2014.9127 3177.0000
2014.9988 3119.6429
2015.0821 3064.0000
2015.1573 3085.0000
2015.2488 3018.8182
2015.3294 2952.6667
2015.4155 3012.1429
2015.4961 3037.5000
2015.5821 3184.0000
2015.6655 3191.8095
2015.7461 3124.0000
2015.8321 3021.0000
2015.9127 3035.0000
2016.16 2941.8000
2016.2488 2920.6000
2016.3294 2774.0000
2016.4155 3046.7222
2016.4961 3066.0000
2016.5821 3241.3500
2016.6655 3352.4545
2016.7461 3084.1000
2016.9127 3337.4737
2016.9988 3348.1667
2017.0821 3224.8889
2017.1573 3282.0000
2017.2488 3182.3333
2017.4155 3174.6667
2017.5821 3260.8889
2017.6655 3239.5556
2017.7461 3298.8571
2017.8321 3210.8333
2017.9127 3248.5833
2017.9988 3329.3750
2018.0821 3478.0000
2018.1573 3359.3333
2018.2488 3213.1429
2018.3294 3175.4000
2018.4155 3164.5556
2018.4961 3175.6667
2018.5821 3126.2222
2018.6655 2998.0435
2018.7461 2911.1579
2018.8321 2912.0556
2018.9127 2858.7727
2018.9988 2847.5500
2019.0821 2857.6818
2019.1573 2849.8000
2019.2488 2865.4762
2019.3294 2867.8947
2019.4155 2883.9412
2019.4961 2908.1429
2019.6655 3219.8000
2019.7461 2978.0000
2019.8321 2970.0000
2019.9127 2790.0000
2019.9988 2870.0000
2020.16 2982.7273
2020.2488 2823.3182
2020.3294 2917.1429
2020.4155 2797.1875
2020.4961 2772.8000
2020.5821 2738.7368
2020.6655 2624.1905
2020.7461 2762.1250
2020.8321 2822.9286
2020.9127 2881.5333
2020.9988 2701.1667
2021.0821 2897.2000
2021.1573 2905.5000
2021.2488 2812.8333
2021.3294 2737.6667
2021.4155 2710.7500
2021.4961 2669.7000
2021.5821 2610.9474
2021.6655 2651.0500
2021.7461 2737.8182
2021.8321 2751.2727
2021.9127 2756.8125
2021.9988 2717.2500
2022.2488 2929.5625
2022.3294 2941.7000
2022.4155 2855.0000
2022.4961 2830.0000
2022.6655 2818.0000
2022.7461 2818.0000
2022.8321 2818.0000
2022.9988 2833.0000
