# 玉米淀粉(CS) 月度价格指数 2021-01=100
2021.0821 100.0000
2021.1573 100.3626
2021.2488 101.3981
2021.3294 101.2865
2021.4155 100.9906
2021.4961 96.3097
2021.5821 91.5797
2021.6655 92.0182
2021.7461 89.8147
2021.8321 96.6946
2021.9127 99.3720
2021.9988 95.6861
2022.0821 95.9571
2022.1573 98.8772
2022.2488 105.2778
2022.3294 105.0961
2022.4155 102.9796
2022.4961 98.8025
2022.5821 95.1521
2022.6655 94.4006
2022.7461 93.6137
2022.8321 90.6819
2022.9127 94.1375
2022.9988 91.3264
2023.0821 93.4694
2023.1573 92.5007
2023.2488 94.8526
2023.3294 93.3066
2023.4155 90.3656
2023.4961 93.1076
2023.5821 96.2622
2023.6655 94.3992
2023.7461 92.1630
2023.8321 90.1883
2023.9127 91.1850
2023.9988 88.9199
2024.0821 88.2904
2024.16 89.8012
2024.2488 89.3675
2024.3294 87.9441
2024.4155 88.6537
2024.4961 89.5783
2024.5821 88.8673
2024.6655 85.0295
2024.7461 81.3419
2024.8321 81.2874
2024.9127 80.6409
2024.9988 77.4564
2025.0821 77.9363
2025.1573 80.3657
2025.2488 83.1812
2025.3294 83.2791
2025.4155 83.6991
2025.4961 84.0271
2025.5821 83.2934
2025.6655 79.9384
2025.7461 77.1169
2025.8321 75.3531
2025.9127 77.7339
2025.9988 78.5368
2026.0821 79.2154
2026.1573 80.7291
2026.2488 85.0479
2026.3294 86.3692
2026.4155 83.5577
2026.4961 84.2113
2026.5821 83.0755
2026.6655 80.0940
2026.7461 77.8084
