# 红枣(CJ) 月度价格指数 2021-01=100
2021.0821 100.0000
2021.1573 99.7578
2021.2488 98.2570
2021.3294 96.8868
2021.4155 88.1298
2021.4961 84.5008
2021.5821 95.7101
2021.6655 134.5017
2021.7461 138.3723
2021.8321 143.2621
2021.9127 154.0849
2021.9988 149.8682
2022.0821 128.5825
2022.1573 134.1249
2022.2488 118.2862
2022.3294 114.9646
2022.4155 119.5946
2022.4961 108.9036
2022.5821 113.8218
2022.6655 117.1710
2022.7461 117.9272
2022.8321 111.7911
2022.9127 107.7925
2022.9988 102.8983
2023.0821 101.4379
2023.1573 102.2797
2023.2488 95.9291
2023.3294 96.7936
2023.4155 101.8945
2023.4961 99.0808
2023.5821 106.1310
2023.6655 125.1153
2023.7461 131.0089
2023.8321 130.3400
2023.9127 140.7214
2023.9988 149.2661
2024.0821 133.6772
2024.16 122.6476
2024.2488 122.4088
2024.3294 120.9587
2024.4155 121.1342
2024.4961 110.6785
2024.5821 103.0677
2024.6655 100.8636
2024.7461 93.3160
2024.8321 95.8236
2024.9127 95.9045
2024.9988 91.9797
2025.0821 89.7390
2025.1573 91.4539
2025.2488 89.0915
2025.3294 89.4120
2025.4155 87.6594
2025.4961 89.1647
2025.5821 102.5270
2025.6655 110.7171
2025.7461 107.0810
2025.8321 106.6350
2025.9127 91.5565
2025.9988 88.0230
2026.0821 87.1044
2026.1573 86.0786
2026.2488 87.0523
2026.3294 86.9297
2026.4155 89.8880
2026.4961 86.7323
2026.5821 78.9635
2026.6655 79.3364
2026.7461 73.9233
