# 油菜籽(RS) 月度均价 元/吨
2012.9988 5270.0000
2013.0821 5418.5000
2013.1573 5395.6667
2013.2488 5293.2381
2013.3294 5254.7778
2013.4155 5228.2727
2013.4961 5167.5882
2013.5821 5164.8261
2013.6655 5148.1364
2013.7461 5133.3571
2013.8321 5052.5833
2013.9127 5038.3636
2013.9988 4970.6667
2014.0821 4834.8947
2014.1573 4824.7333
2014.2488 4930.8947
2014.3294 4898.9048
2014.4155 4931.7500
2014.4961 4923.3500
2014.5821 4898.9565
2014.6655 4975.3810
2014.7461 4335.7143
2014.8321 4460.1176
2014.9127 4506.5500
2014.9988 4411.5909
2015.0821 4497.2222
2015.1573 4583.2143
2015.2488 4805.7727
2015.3294 4750.5263
2015.4155 4649.6842
2015.4961 4074.0000
2015.5821 3661.8261
2015.6655 3786.5238
2015.7461 4093.7778
2015.8321 4169.7500
2015.9127 4046.2000
2015.9988 4034.5000
2016.0821 3904.7000
2016.16 3905.3333
2016.2488 3947.3810
2016.3294 3937.0500
2016.4155 3984.4000
2016.4961 4184.6000
2016.5821 4156.5500
2016.6655 4211.5000
2016.7461 4272.0000
2016.9127 4716.8182
2016.9988 4929.4500
2017.0821 4924.8750
2017.1573 4925.6667
2017.2488 4984.4375
2017.3294 4990.9091
2017.4155 4870.1667
2017.4961 5121.9545
2017.5821 5258.9048
2017.6655 5314.0000
2017.7461 5433.9000
2017.8321 5196.4444
2017.9127 5236.0000
2017.9988 5170.5000
2018.0821 5318.0000
2018.1573 5291.5000
2018.2488 5230.0000
2018.3294 5291.8462
2018.4155 5210.1667
2018.4961 5334.4500
2018.5821 5414.8667
2018.6655 5309.1500
2018.7461 5433.1176
2018.8321 5464.9000
2018.9127 5429.8000
2018.9988 5366.2500
2019.0821 5297.8750
2019.1573 5203.0000
2019.2488 4619.6667
2019.3294 4425.3684
2019.4155 4372.7000
2019.4961 4205.5789
2019.5821 4098.4783
2019.6655 3831.3636
2019.7461 3806.3158
2019.8321 3691.4444
2019.9127 4042.0000
2019.9988 4372.0000
2020.0821 4414.1250
2020.16 4382.5385
2020.2488 4576.1875
2020.3294 4430.4167
2020.4155 4532.8750
2020.4961 4668.1875
2020.5821 5190.9333
2020.6655 5679.0000
2020.7461 5521.2727
2020.8321 5560.2500
2020.9127 5345.0000
2020.9988 5356.6667
2021.0821 5933.5263
2021.1573 6056.8000
2021.2488 6060.9048
2021.3294 5766.1579
2021.4155 5771.4444
2021.4961 5812.1875
2021.5821 5799.7000
2021.6655 6046.4286
2021.7461 6076.5714
2021.8321 6420.3000
2021.9127 6428.4000
2021.9988 6070.3000
2022.0821 5938.5714
2022.1573 5965.1667
2022.2488 6226.0526
2022.3294 6309.7647
2022.4155 6550.7895
2022.4961 6735.4286
2022.5821 6420.0476
2022.6655 6540.1304
2022.7461 6062.4000
2022.8321 5806.1333
2022.9127 5898.6429
2022.9988 5914.7500
2023.0821 6008.3636
2023.1573 6022.1818
2023.2488 5830.4706
2023.3294 5526.3750
2023.4155 5528.8000
2023.4961 5857.7500
2023.5821 5962.3500
2023.6655 6064.2609
2023.7461 6169.4500
2023.8321 6346.9333
2023.9127 6092.3636
2023.9988 6057.0000
2024.0821 6077.7778
2024.16 6007.3000
2024.2488 5986.4762
2024.3294 5588.3500
2024.4155 5787.5500
2024.4961 5530.2632
2024.5821 5262.4783
2024.6655 5012.6364
2024.7461 5092.3684
2024.8321 5035.5000
2024.9127 5878.2500
2024.9988 5802.4545
2025.0821 5798.3333
2025.1573 5815.9444
2025.2488 5790.8571
2025.3294 5630.0476
2025.4155 5317.3158
2025.4961 5103.7500
2025.5821 5108.0455
2025.6655 4961.0952
2025.7461 5235.3636
2025.8321 5301.7500
2025.9127 5464.7000
2025.9988 5398.0000
2026.0821 5552.8947
2026.1573 5704.5714
2026.2488 5905.5455
2026.3294 5760.9048
2026.4155 5742.2778
2026.4961 5913.0476
2026.5821 5905.7391
2026.6655 5843.1500
2026.7461 5617.8824
