# 豆油(Y) 月度价格指数 2021-01=100
2021.0821 100.0000
2021.1573 103.3353
2021.2488 115.3834
2021.3294 107.8955
2021.4155 112.4400
2021.4961 107.2828
2021.5821 112.4658
2021.6655 115.1603
2021.7461 116.0053
2021.8321 125.7355
2021.9127 121.6051
2021.9988 111.3842
2022.0821 117.9751
2022.1573 129.0591
2022.2488 134.1470
2022.3294 138.4344
2022.4155 144.9174
2022.4961 142.5332
2022.5821 118.6370
2022.6655 126.0422
2022.7461 117.1564
2022.8321 120.1144
2022.9127 118.6496
2022.9988 113.2166
2023.0821 110.9528
2023.1573 111.8185
2023.2488 106.7025
2023.3294 101.5306
2023.4155 92.5009
2023.4961 94.1935
2023.5821 103.3915
2023.6655 104.8122
2023.7461 104.6054
2023.8321 101.3462
2023.9127 105.2365
2023.9988 99.3300
2024.0821 95.4056
2024.16 92.2558
2024.2488 98.2566
2024.3294 97.6118
2024.4155 100.8437
2024.4961 100.3361
2024.5821 98.9439
2024.6655 95.5948
2024.7461 99.9465
2024.8321 106.0493
2024.9127 106.8610
2024.9988 99.5622
2025.0821 97.7241
2025.1573 101.7633
2025.2488 101.6142
2025.3294 99.0467
2025.4155 99.1712
2025.4961 100.7467
2025.5821 102.7966
2025.6655 107.5442
2025.7461 105.9339
2025.8321 105.0899
2025.9127 104.6233
2025.9988 101.0861
2026.0821 102.9588
2026.1573 103.7325
2026.2488 109.3757
2026.3294 109.1397
2026.4155 108.8284
2026.4961 107.3679
2026.5821 108.7020
2026.6655 110.2369
2026.7461 115.3255
