# 生猪(LH) 月度均价 元/吨
2021.0821 25306.2500
2021.1573 27261.3333
2021.2488 28171.0870
2021.3294 27235.0000
2021.4155 24303.3333
2021.4961 19232.3810
2021.5821 18604.3182
2021.6655 17060.6818
2021.7461 14753.7500
2021.8321 16046.5625
2021.9127 16323.4091
2021.9988 14669.3478
2022.0821 13742.8947
2022.1573 14276.5625
2022.2488 13131.5217
2022.3294 15363.1579
2022.4155 19038.4211
2022.4961 19520.0000
2022.5821 21568.0952
2022.6655 22294.3478
2022.7461 22869.2857
2022.8321 23225.0000
2022.9127 21279.7727
2022.9988 17774.0909
2023.0821 15190.6250
2023.1573 16126.7500
2023.2488 16054.7826
2023.3294 15809.4737
2023.4155 15671.2500
2023.4961 15872.7500
2023.5821 15609.0476
2023.6655 17104.3478
2023.7461 16796.2500
2023.8321 16270.8824
2023.9127 15606.3636
2023.9988 14045.4762
2024.0821 13758.1818
2024.16 14157.6667
2024.2488 15228.0952
2024.3294 17485.0000
2024.4155 18024.2500
2024.4961 17807.8947
2024.5821 18188.2609
2024.6655 18432.9545
2024.7461 17691.0526
2024.8321 15516.1111
2024.9127 15398.0952
2024.9988 13619.7727
2025.0821 12931.3889
2025.1573 13029.1667
2025.2488 13379.0476
2025.3294 14069.2857
2025.4155 13741.0526
2025.4961 13753.7500
2025.5821 14245.0000
2025.6655 13902.1429
2025.7461 13070.2273
2025.8321 12115.8824
2025.9127 11654.0000
2025.9988 11393.2609
2026.0821 11647.0000
2026.1573 11537.1429
2026.2488 10624.7727
2026.3294 10420.7143
2026.4155 11012.2222
2026.4961 11946.9048
2026.5821 11703.4783
2026.6655 12084.2857
2026.7461 11381.1111
