# 强麦(WH) 月度均价 元/吨
2005.0821 1679.4500
2005.1573 1684.4615
2005.2488 1733.0870
2005.3294 1700.3810
2005.4155 1688.1176
2005.4961 1733.3636
2005.5821 1702.4762
2005.6655 1642.0435
2005.7461 1658.9545
2005.8321 1733.1875
2005.9127 1749.4545
2005.9988 1730.0000
2006.0821 1752.3000
2006.1573 1733.2941
2006.2488 1682.3478
2006.3294 1629.8889
2006.4155 1677.1667
2006.4961 1597.3636
2006.5821 1554.1429
2006.6655 1565.3913
2006.7461 1598.6667
2006.8321 1709.0625
2006.9127 1777.7273
2006.9988 1886.3810
2007.0821 1856.4000
2007.1573 1840.8000
2007.2488 1891.2273
2007.3294 1809.4762
2007.4155 1786.3333
2007.4961 1832.7619
2007.5821 1829.0476
2007.6655 1906.0870
2007.7461 2060.9500
2007.8321 2046.3333
2007.9127 2097.5455
2007.9988 2020.3810
2008.0821 1929.5455
2008.16 2171.5000
2008.2488 2121.2381
2008.3294 2048.7273
2008.4155 2015.3182
2008.4961 2113.4762
2008.5821 2139.3478
2008.6655 2053.3333
2008.7461 2015.3000
2008.8321 1959.2500
2008.9127 1974.8000
2008.9988 1997.9565
2009.0821 1974.9333
2009.1573 2144.0000
2009.2488 2144.6364
2009.3294 2139.4286
2009.4155 2111.6316
2009.4961 2135.5000
2009.5821 2132.4783
2009.6655 2169.0952
2009.7461 2150.3182
2009.8321 2157.4375
2009.9127 2160.1429
2009.9988 2253.7391
2010.0821 2272.6000
2010.1573 2267.6000
2010.2488 2284.3478
2010.3294 2291.1429
2010.4155 2289.9000
2010.4961 2282.9000
2010.5821 2351.3182
2010.6655 2470.5455
2010.7461 2558.2105
2010.8321 2637.6250
2010.9127 2620.7273
2010.9988 2737.6087
2011.0821 2768.9500
2011.1573 2959.6667
2011.2488 2863.0870
2011.3294 2819.1053
2011.4155 2880.7619
2011.4961 2839.0476
2011.5821 2775.3810
2011.6655 2717.4783
2011.7461 2677.9048
2011.8321 2548.2500
2011.9127 2453.0909
2011.9988 2351.1905
2012.0821 2380.6667
2012.16 2570.1429
2012.2488 2632.7273
2012.3294 2560.0000
2012.4155 2422.7727
2012.4961 2515.7500
2012.5821 2510.3636
2012.6655 2504.0000
2012.7461 2529.1000
2012.8321 2511.5000
2012.9127 2516.7727
2012.9988 2543.3333
2013.0821 2568.9000
2013.1573 2513.8667
2013.2488 2493.9048
2013.3294 2523.8333
2013.4155 2555.9091
2013.4961 2612.0588
2013.5821 2687.5652
2013.6655 2677.6364
2013.7461 2770.3529
2013.8321 2806.1667
2013.9127 2830.7778
2013.9988 2864.5000
2014.0821 2837.1500
2014.1573 2825.6875
2014.2488 2810.1053
2014.3294 2803.1429
2014.4155 2628.5238
2014.4961 2594.6500
2014.5821 2584.4783
2014.6655 2641.2857
2014.7461 2629.9231
2014.8321 2711.1429
2014.9127 2581.6364
2014.9988 2561.4783
2015.0821 2619.8000
2015.1573 2635.3571
2015.2488 2604.0455
2015.3294 2551.0000
2015.4155 2657.3000
2015.4961 2789.2381
2015.5821 2777.5217
2015.6655 2721.0476
2015.7461 2735.2632
2015.8321 2760.1250
2015.9127 2783.6190
2015.9988 2871.9130
2016.0821 2893.5500
2016.16 2884.6875
2016.2488 2858.4783
2016.3294 2792.4500
2016.4155 2677.0952
2016.4961 2675.8000
2016.5821 2608.0000
2016.6655 2617.0000
2016.7461 2662.6500
2016.8321 2773.8125
2016.9127 2883.5000
2016.9988 3020.0000
2017.0821 3017.3889
2017.1573 3062.7222
2017.2488 3135.5652
2017.3294 3039.8333
2017.4155 2583.9000
2017.4961 2586.9091
2017.5821 2651.4762
2017.6655 2693.3913
2017.7461 2674.4286
2017.8321 2627.3125
2017.9127 2624.9545
2017.9988 2550.4762
2018.0821 2611.6818
2018.1573 2614.9333
2018.2488 2579.8182
2018.3294 2530.2222
2018.4155 2523.1818
2018.4961 2589.0000
2018.5821 2569.0455
2018.6655 2633.3043
2018.7461 2579.1053
2018.8321 2550.6111
2018.9127 2604.2727
2018.9988 2529.8500
2019.0821 2417.5000
2019.1573 2422.5333
2019.2488 2423.9524
2019.3294 2540.1579
2019.4155 2441.2500
2019.4961 2358.1579
2019.5821 2336.6957
2019.6655 2309.4545
2019.7461 2372.8235
2019.8321 2338.5294
2019.9127 2401.8421
2019.9988 2425.5714
2020.0821 2422.8000
2020.16 2610.5000
2020.2488 2572.2727
2020.3294 2556.1905
2020.4155 2488.8889
2020.4961 2506.2105
2020.5821 2532.3636
2020.6655 2538.8571
2020.7461 2618.9524
2020.8321 2700.6250
2020.9127 2671.2857
2020.9988 2610.4783
2021.0821 2705.2500
2021.1573 2728.7333
2021.2488 2769.5652
2021.3294 2746.8571
2021.4155 2781.5556
2021.4961 2761.6667
2021.5821 2765.1905
2021.6655 2755.8636
2021.7461 2842.1250
2021.8321 2927.9375
2021.9127 2970.8095
2021.9988 2941.6364
2022.0821 2948.8889
2022.1573 2975.6667
2022.2488 3443.1739
2022.3294 3251.1250
2022.4155 3416.7500
2022.4961 3407.6667
2022.5821 3423.5000
2022.6655 3140.6667
2022.8321 3259.0000
2022.9127 3436.3333
2023.0821 3329.3333
2023.1573 3230.7778
