# 花生(PK) 月度均价 元/吨
2021.1573 10493.0667
2021.2488 10716.1739
2021.3294 10442.8571
2021.4155 10253.4444
2021.4961 9306.2857
2021.5821 9153.0909
2021.6655 9005.2727
2021.7461 8543.8000
2021.8321 8746.5000
2021.9127 8620.1818
2021.9988 8142.2609
2022.0821 7980.9474
2022.1573 8079.8750
2022.2488 8798.4348
2022.3294 9324.8421
2022.4155 10207.1579
2022.4961 10065.8095
2022.5821 9465.4286
2022.6655 9574.9565
2022.7461 10434.5714
2022.8321 10835.1250
2022.9127 10685.1818
2022.9988 10197.4545
2023.0821 10333.5000
2023.1573 10882.7000
2023.2488 10546.0870
2023.3294 10389.7895
2023.4155 9883.9000
2023.4961 9813.1000
2023.5821 10207.5238
2023.6655 10352.3478
2023.7461 10060.1000
2023.8321 9374.9412
2023.9127 8975.8182
2023.9988 8826.8571
2024.0821 8849.3636
2024.16 9004.5333
2024.2488 9158.8571
2024.3294 9260.0000
2024.4155 9146.2000
2024.4961 8909.0526
2024.5821 8811.0435
2024.6655 8709.5455
2024.7461 8137.4737
2024.8321 8084.2222
2024.9127 8027.8095
2024.9988 7841.0000
2025.0821 7955.6667
2025.1573 8135.7778
2025.2488 8190.5714
2025.3294 8118.0000
2025.4155 8262.5263
2025.4961 8269.5000
2025.5821 8170.9565
2025.6655 7931.2381
2025.7461 7798.4545
2025.8321 7869.8824
2025.9127 7902.1000
2025.9988 8019.3043
2026.0821 7968.0000
2026.1573 7959.2857
2026.2488 8094.2727
2026.3294 8312.9524
2026.4155 8216.0000
2026.4961 8339.2381
2026.5821 8318.5217
2026.6655 8141.6190
2026.7461 7951.6667
