# 苹果(AP) 月度均价 元/吨
2017.9988 8096.6667
2018.0821 7795.4545
2018.1573 6968.4000
2018.2488 7144.5909
2018.3294 7335.2778
2018.4155 8710.9545
2018.4961 9371.3500
2018.5821 9945.2273
2018.6655 11482.1739
2018.7461 11838.2632
2018.8321 11217.7778
2018.9127 11975.5000
2018.9988 11551.8000
2019.0821 10758.0909
2019.1573 11222.8000
2019.2488 11290.4286
2019.3294 9827.3684
2019.4155 9237.9000
2019.4961 9150.6316
2019.5821 9419.4348
2019.6655 9171.9545
2019.7461 8266.3500
2019.8321 7805.6667
2019.9127 8110.5238
2019.9988 8247.1364
2020.0821 7430.3750
2020.16 7027.3000
2020.2488 6671.7273
2020.3294 7837.0476
2020.4155 9023.9444
2020.4961 8315.0500
2020.5821 7727.1739
2020.6655 7006.0952
2020.7461 7122.8182
2020.8321 7888.9375
2020.9127 7188.5238
2020.9988 6607.0000
2021.0821 6150.7000
2021.1573 6112.6667
2021.2488 5540.7391
2021.3294 5792.9048
2021.4155 5958.0556
2021.4961 6235.9048
2021.5821 6058.0455
2021.6655 6050.1818
2021.7461 5816.6500
2021.8321 7545.4375
2021.9127 7982.3182
2021.9988 8206.1739
2022.0821 8612.1579
2022.1573 9259.1250
2022.2488 9609.0435
2022.3294 8895.2105
2022.4155 9192.5789
2022.4961 8871.3333
2022.5821 8798.7143
2022.6655 8904.3913
2022.7461 8554.0952
2022.8321 8285.3125
2022.9127 8195.5000
2022.9988 8055.5455
2023.0821 8546.7500
2023.1573 8890.2500
2023.2488 8749.9130
2023.3294 8283.5263
2023.4155 8593.0500
2023.4961 8531.9500
2023.5821 8649.9048
2023.6655 8818.0870
2023.7461 9151.6500
2023.8321 9079.5882
2023.9127 9036.7727
2023.9988 8402.3810
2024.0821 8254.3810
2024.16 8254.0667
2024.2488 8111.8500
2024.3294 7682.2500
2024.4155 7472.6842
2024.4961 6987.6316
2024.5821 6936.5652
2024.6655 6917.1364
2024.7461 6865.8947
2024.8321 6875.3333
2024.9127 7722.2857
2024.9988 7604.4091
2025.0821 6835.8889
2025.1573 7145.2222
2025.2488 7360.7619
2025.3294 7866.2857
2025.4155 7718.5263
2025.4961 7646.3000
2025.5821 7844.5652
2025.6655 8101.6667
2025.7461 8317.0455
2025.8321 8855.6471
2025.9127 9304.7500
2025.9988 9351.3913
2026.0821 9573.7500
2026.1573 9627.5000
2026.2488 10178.9091
2026.3294 8341.2857
2026.4155 7552.4444
2026.4961 7581.0952
2026.5821 7642.7826
2026.6655 7720.0952
2026.7461 7321.8889
