# 菜油(OI) 月度价格指数 2021-01=100
2021.0821 100.0000
2021.1573 100.7443
2021.2488 106.7103
2021.3294 106.5998
2021.4155 107.1928
2021.4961 102.9225
2021.5821 104.4777
2021.6655 106.3528
2021.7461 110.0965
2021.8321 125.0353
2021.9127 126.7336
2021.9988 123.9113
2022.0821 121.3259
2022.1573 124.0341
2022.2488 129.7072
2022.3294 133.3440
2022.4155 137.0582
2022.4961 135.0100
2022.5821 111.8003
2022.6655 116.3367
2022.7461 106.1140
2022.8321 112.0933
2022.9127 115.2065
2022.9988 107.6891
2023.0821 102.3384
2023.1573 99.5741
2023.2488 91.1359
2023.3294 85.8428
2023.4155 80.0777
2023.4961 82.4327
2023.5821 96.3590
2023.6655 93.5164
2023.7461 89.9983
2023.8321 87.5382
2023.9127 86.2703
2023.9988 82.2619
2024.0821 79.7060
2024.16 77.8986
2024.2488 82.0867
2024.3294 82.7861
2024.4155 88.6827
2024.4961 85.1933
2024.5821 86.3372
2024.6655 82.4371
2024.7461 90.7046
2024.8321 96.1229
2024.9127 93.9160
2024.9988 89.6618
2025.0821 87.2480
2025.1573 88.2942
2025.2488 91.3544
2025.3294 94.3221
2025.4155 94.4660
2025.4961 94.7708
2025.5821 95.8531
2025.6655 98.2750
2025.7461 100.1546
2025.8321 99.0974
2025.9127 98.1032
2025.9988 92.7213
2026.0821 91.5997
2026.1573 92.2768
2026.2488 98.4087
2026.3294 97.0215
2026.4155 98.1263
2026.4961 99.4151
2026.5821 99.8791
2026.6655 103.6411
2026.7461 103.0707
