# 白糖(SR) 月度均价 元/吨
2006.0821 5242.1667
2006.1573 5594.1176
2006.2488 5136.8261
2006.3294 4751.1111
2006.4155 4880.1111
2006.4961 4328.1364
2006.5821 4055.3810
2006.6655 3572.7391
2006.7461 3400.2381
2006.8321 3640.0000
2006.9127 3891.4091
2006.9988 3763.1905
2007.0821 3653.2000
2007.1573 3730.4000
2007.2488 3920.2273
2007.3294 3808.5238
2007.4155 3711.3333
2007.4961 3564.0952
2007.5821 3484.7143
2007.6655 3784.1739
2007.7461 3820.0500
2007.8321 4078.3333
2007.9127 3895.7727
2007.9988 3983.8095
2008.0821 3884.4091
2008.16 4321.1250
2008.2488 4233.3333
2008.3294 3937.9091
2008.4155 3887.1818
2008.4961 3888.7143
2008.5821 3554.0000
2008.6655 3315.7619
2008.7461 3231.9500
2008.8321 3075.4500
2008.9127 3220.1500
2008.9988 3035.7826
2009.0821 3032.0000
2009.1573 3502.9500
2009.2488 3758.8182
2009.3294 3933.1429
2009.4155 4176.0000
2009.4961 4187.6818
2009.5821 4140.7826
2009.6655 4686.1429
2009.7461 4624.5000
2009.8321 4550.5000
2009.9127 4806.3810
2009.9988 5422.3913
2010.0821 5578.9000
2010.1573 5638.8667
2010.2488 5171.0000
2010.3294 5084.8095
2010.4155 4758.8500
2010.4961 4780.7000
2010.5821 5002.3636
2010.6655 5319.0455
2010.7461 5621.2632
2010.8321 6304.8824
2010.9127 6691.8182
2010.9988 6834.4783
2011.0821 7176.5000
2011.1573 7344.8000
2011.2488 7076.4348
2011.3294 6996.7895
2011.4155 6595.3810
2011.4961 6708.1905
2011.5821 7202.8571
2011.6655 7312.6522
2011.7461 6794.0952
2011.8321 6732.9375
2011.9127 6576.5909
2011.9988 6189.6667
2012.0821 6391.3333
2012.16 6612.5714
2012.2488 6634.1818
2012.3294 6636.2941
2012.4155 6133.1818
2012.4961 5769.8000
2012.5821 5701.0455
2012.6655 5440.3043
2012.7461 5334.9000
2012.8321 5313.2222
2012.9127 5277.7273
2012.9988 5469.5238
2013.0821 5510.1500
2013.1573 5403.6667
2013.2488 5429.0952
2013.3294 5303.1667
2013.4155 5178.4091
2013.4961 5105.0000
2013.5821 4887.2609
2013.6655 5002.2273
2013.7461 5097.3158
2013.8321 5207.1111
2013.9127 5097.5000
2013.9988 4890.8182
2014.0821 4536.1000
2014.1573 4604.3125
2014.2488 4752.4211
2014.3294 4835.5238
2014.4155 4802.3810
2014.4961 4875.5000
2014.5821 4841.6522
2014.6655 4572.2857
2014.7461 4434.8095
2014.8321 4617.3333
2014.9127 4681.8000
2014.9988 4572.2609
2015.0821 4815.6000
2015.1573 5064.6667
2015.2488 5122.3636
2015.3294 5517.1429
2015.4155 5533.2000
2015.4961 5510.5238
2015.5821 5398.0435
2015.6655 5227.1429
2015.7461 5441.0500
2015.8321 5589.1176
2015.9127 5445.3333
2015.9988 5565.2609
2016.0821 5482.7000
2016.16 5377.8750
2016.2488 5519.0870
2016.3294 5601.8000
2016.4155 5548.6190
2016.4961 5746.8000
2016.5821 6021.0952
2016.6655 6170.8696
2016.7461 6406.3500
2016.8321 6774.7500
2016.9127 6870.7727
2016.9988 6919.0455
2017.0821 6879.1667
2017.1573 6874.6667
2017.2488 6725.6957
2017.3294 6691.5000
2017.4155 6672.8500
2017.4961 6545.9091
2017.5821 6196.7619
2017.6655 6297.3913
2017.7461 6190.8095
2017.8321 6260.5294
2017.9127 6425.1364
2017.9988 6181.0476
2018.0821 5820.5909
2018.1573 5778.4000
2018.2488 5674.1364
2018.3294 5503.6667
2018.4155 5465.0000
2018.4961 5247.3000
2018.5821 4925.4545
2018.6655 5051.8261
2018.7461 4953.9474
2018.8321 5135.5000
2018.9127 4979.5455
2018.9988 4899.8000
2019.0821 4889.7273
2019.1573 5122.6000
2019.2488 5092.6667
2019.3294 5217.1053
2019.4155 5055.9000
2019.4961 5048.5789
2019.5821 5202.5217
2019.6655 5438.0455
2019.7461 5472.5500
2019.8321 5556.5556
2019.9127 5617.8571
2019.9988 5482.9091
2020.0821 5725.1875
2020.16 5731.8500
2020.2488 5569.3182
2020.3294 5208.6190
2020.4155 5018.9444
2020.4961 5067.8500
2020.5821 5125.4348
2020.6655 5088.6190
2020.7461 5209.4091
2020.8321 5271.0000
2020.9127 5116.6667
2020.9988 5116.6522
2021.0821 5301.2000
2021.1573 5359.2667
2021.2488 5367.1739
2021.3294 5413.9524
2021.4155 5619.3889
2021.4961 5507.0000
2021.5821 5592.7273
2021.6655 5800.9545
2021.7461 5844.7000
2021.8321 5947.0000
2021.9127 6024.6364
2021.9988 5789.2609
2022.0821 5777.9474
2022.1573 5720.3125
2022.2488 5818.4783
2022.3294 5958.1053
2022.4155 5936.6316
2022.4961 5963.8571
2022.5821 5773.1429
2022.6655 5576.0870
2022.7461 5547.5714
2022.8321 5590.6875
2022.9127 5630.4545
2022.9988 5677.2273
2023.0821 5686.9375
2023.1573 5923.0000
2023.2488 6188.4348
2023.3294 6750.6842
2023.4155 6949.4500
2023.4961 6858.4000
2023.5821 6816.5714
2023.6655 6836.7826
2023.7461 6957.0500
2023.8321 6811.2941
2023.9127 6875.6818
2023.9988 6307.4762
2024.0821 6363.4545
2024.16 6401.4667
2024.2488 6427.2381
2024.3294 6344.0000
2024.4155 6212.8000
2024.4961 6156.4737
2024.5821 6170.6087
2024.6655 5839.4091
2024.7461 5743.8947
2024.8321 5894.5000
2024.9127 5909.4762
2024.9988 5996.8636
2025.0821 5864.1667
2025.1573 5945.1111
2025.2488 6015.7619
2025.3294 5985.7143
2025.4155 5845.5263
2025.4961 5718.3500
2025.5821 5808.6957
2025.6655 5645.1905
2025.7461 5517.7273
2025.8321 5452.1176
2025.9127 5432.2500
2025.9988 5242.6087
2026.0821 5234.0000
2026.1573 5242.2857
2026.2488 5408.7727
2026.3294 5359.3333
2026.4155 5422.0000
2026.4961 5318.9048
2026.5821 5205.0435
2026.6655 5287.1429
2026.7461 5400.8333
