# 棉纱(CY) 月度价格指数 2021-01=100
2021.0821 100.0000
2021.1573 103.8971
2021.2488 104.7147
2021.3294 103.4654
2021.4155 107.0200
2021.4961 107.1809
2021.5821 113.7905
2021.6655 119.5803
2021.7461 114.9506
2021.8321 132.6273
2021.9127 132.7091
2021.9988 122.2902
2022.0821 130.5891
2022.1573 130.0257
2022.2488 129.1579
2022.3294 124.8776
2022.4155 124.0884
2022.4961 116.0649
2022.5821 100.8513
2022.6655 104.1734
2022.7461 96.3796
2022.8321 92.3040
2022.9127 92.9819
2022.9988 95.0568
2023.0821 100.5206
2023.1573 98.8287
2023.2488 96.5380
2023.3294 99.4991
2023.4155 103.4605
2023.4961 106.5665
2023.5821 107.7413
2023.6655 105.1119
2023.7461 105.5031
2023.8321 101.8210
2023.9127 96.6328
2023.9988 93.9549
2024.0821 99.4688
2024.16 101.1493
2024.2488 97.3501
2024.3294 95.5250
2024.4155 95.9227
2024.4961 93.1922
2024.5821 91.7320
2024.6655 87.2169
2024.7461 88.6443
2024.8321 89.7985
2024.9127 89.9451
2024.9988 89.0852
2025.0821 88.9035
2025.1573 90.6405
2025.2488 89.6681
2025.3294 86.2826
2025.4155 88.7137
2025.4961 89.8504
2025.5821 91.5284
2025.6655 90.8431
2025.7461 90.0798
2025.8321 89.2040
2025.9127 90.2685
2025.9988 91.5620
2026.0821 93.7891
2026.1573 94.1069
2026.2488 97.2628
2026.3294 100.1751
2026.4155 101.0847
2026.4961 101.6033
2026.5821 102.0949
2026.6655 103.5855
2026.7461 101.6603
