# 生猪12个月均线
2015.9988 105.1600
2016.0821 106.4525
2016.16 109.4380
2016.2488 113.1950
2016.3294 117.1525
2016.4155 121.4820
2016.4961 125.2900
2016.5821 127.0900
2016.6655 127.4500
2016.7461 127.6500
2016.8321 127.4700
2016.9127 127.4000
2016.9988 127.6400
2017.0821 127.9500
2017.1573 127.5475
2017.2488 126.3525
2017.3294 124.2350
2017.4155 120.8360
2017.4961 116.4450
2017.5821 113.1200
2017.6655 110.3925
2017.7461 108.1780
2017.8321 106.4160
2017.9127 104.8625
2017.9988 103.9250
2018.0821 102.5880
2018.1573 100.7667
2018.2488 98.3000
2018.3294 95.0860
2018.4155 92.2425
2018.4961 90.8800
2018.5821 89.8560
2018.6655 89.5375
2018.7461 89.2925
2018.8321 88.9260
2018.9127 88.6425
2018.9988 88.2160
2019.0821 87.2000
2019.1573 85.9950
2019.2488 86.6375
2019.3294 89.5380
2019.4155 92.6200
2019.4961 95.3025
2019.5821 98.7460
2019.6655 103.4980
2019.7461 112.1540
2019.8321 122.6300
2019.9127 134.4350
2019.9988 146.9240
2020.0821 158.8600
2020.16 170.5533
2020.2488 183.0680
2020.3294 194.9825
2020.4155 203.8825
2020.4961 213.1280
2020.5821 224.6400
2020.6655 236.3300
2020.7461 243.2125
2020.8321 243.7700
2020.9127 238.6060
2020.9988 236.6325
2021.0821 236.8350
2021.1573 236.4650
2021.2488 231.2620
2021.3294 225.0575
2021.4155 218.2040
2021.4961 209.5325
2021.5821 198.4625
2021.6655 186.1550
2021.7461 171.6425
2021.8321 161.3700
2021.9127 154.9420
2021.9988 146.3050
2022.0821 135.3300
2022.1573 122.4000
2022.2488 115.8100
2022.3294 107.9275
2022.4155 103.0180
2022.4961 101.9125
2022.5821 104.8175
2022.6655 109.0220
2022.7461 114.2525
2022.8321 121.3520
2022.9127 127.5150
2022.9988 129.6875
2023.0821 129.8725
2023.1573 129.5275
2023.2488 130.8750
2023.3294 132.2175
2023.4155 132.3580
2023.4961 131.5825
2023.5821 128.7400
2023.6655 125.1750
2023.7461 122.1400
2023.8321 115.6300
2023.9127 109.9725
2023.9988 105.2350
2024.0821 103.2940
2024.16 103.2200
2024.2488 102.7725
2024.3294 103.1260
2024.4155 103.3367
2024.4961 104.9175
2024.5821 107.6440
2024.6655 110.4950
2024.7461 112.3540
2024.8321 113.5700
2024.9127 114.6575
2024.9988 115.7400
2025.0821 116.4275
2025.1573 117.1700
2025.2488 117.1140
2025.3294 116.9925
2025.4155 116.8533
2025.4961 115.4520
2025.5821 113.2700
2025.6655 110.3175
2025.7461 106.2700
2025.8321 102.6400
2025.9127 99.9400
2025.9988 96.8880
2026.0821 94.5700
2026.1573 93.4450
2026.2488 91.1100
2026.3294 87.6950
2026.4155 84.9033
2026.4961 82.3220
2026.5821 79.6050
2026.6655 77.3280
2026.7461 75.7467
