# 生猪6个月均线
2015.4961 91.7100
2015.5821 93.6525
2015.6655 99.2000
2015.7461 106.0225
2015.8321 111.5025
2015.9127 115.5460
2015.9988 118.0175
2016.0821 119.2550
2016.16 119.6800
2016.2488 120.3675
2016.3294 122.8075
2016.4155 127.4120
2016.4961 132.5625
2016.5821 134.9275
2016.6655 135.2200
2016.7461 134.9350
2016.8321 131.6920
2016.9127 126.7825
2016.9988 122.7250
2017.0821 120.9240
2017.1573 119.8625
2017.2488 117.7700
2017.3294 116.2425
2017.4155 114.3380
2017.4961 110.1675
2017.5821 105.3140
2017.6655 100.9200
2017.7461 98.6500
2017.8321 96.8940
2017.9127 96.5375
2017.9988 97.5550
2018.0821 99.0240
2018.1573 99.7400
2018.2488 97.3600
2018.3294 92.5340
2018.4155 87.4925
2018.4961 83.5625
2018.5821 79.5860
2018.6655 78.4900
2018.7461 80.6925
2018.8321 84.5780
2018.9127 88.6750
2018.9988 92.0660
2019.0821 93.9220
2019.1573 93.3800
2019.2488 93.0600
2019.3294 94.9000
2019.4155 96.8800
2019.4961 99.1575
2019.5821 104.3900
2019.6655 113.2920
2019.7461 129.1820
2019.8321 148.2833
2019.9127 169.6550
2019.9988 191.4340
2020.0821 210.1833
2020.16 233.3500
2020.2488 248.6680
2020.3294 250.8975
2020.4155 242.3900
2020.4961 237.5040
2020.5821 238.4100
2020.6655 239.8840
2020.7461 239.3850
2020.8321 236.7733
2020.9127 233.9740
2020.9988 235.7675
2021.0821 235.8275
2021.1573 233.2500
2021.2488 221.6000
2021.3294 211.8825
2021.4155 201.1200
2021.4961 181.1100
2021.5821 157.9825
2021.6655 139.4825
2021.7461 126.4675
2021.8321 111.0850
2021.9127 105.8920
2021.9988 105.8325
2022.0821 106.8850
2022.1573 104.6967
2022.2488 103.2150
2022.3294 101.9650
2022.4155 100.1460
2022.4961 98.0000
2022.5821 102.7550
2022.6655 112.1920
2022.7461 123.0925
2022.8321 138.0180
2022.9127 151.5425
2022.9988 157.7150
2023.0821 156.3425
2023.1573 147.8600
2023.2488 139.2775
2023.3294 127.8400
2023.4155 113.0080
2023.4961 103.3575
2023.5821 100.6380
2023.6655 102.4900
2023.7461 104.1350
2023.8321 105.1233
2023.9127 105.4575
2023.9988 105.6225
2024.0821 105.6940
2024.16 104.7500
2024.2488 101.1000
2024.3294 100.6860
2024.4155 100.9867
2024.4961 103.9500
2024.5821 109.7660
2024.6655 115.9350
2024.7461 121.5520
2024.8321 125.9800
2024.9127 127.2575
2024.9988 126.4840
2025.0821 122.9600
2025.1573 119.0300
2025.2488 112.3080
2025.3294 108.3800
2025.4155 105.5967
2025.4961 103.5240
2025.5821 101.9750
2025.6655 100.8575
2025.7461 99.5080
2025.8321 96.5167
2025.9127 93.8575
2025.9988 90.3260
2026.0821 87.4450
2026.1573 85.9650
2026.2488 81.6120
2026.3294 78.1425
2026.4155 75.4833
2026.4961 73.4240
2026.5821 70.7525
2026.6655 69.1140
2026.7461 69.7400
