# 生猪成交均重
2015.8321 97.5000
2015.9127 94.0000
2015.9988 101.2500
2016.0821 112.0000
2016.16 118.6000
2016.2488 110.2500
2016.3294 108.7500
2016.4155 112.0000
2016.4961 112.5000
2016.5821 111.0000
2016.6655 112.2000
2016.7461 112.7500
2016.8321 110.2000
2016.9127 107.0000
2016.9988 104.2500
2017.0821 100.4000
2017.1573 99.7500
2017.2488 101.5000
2017.3294 103.7500
2017.4155 105.2000
2017.4961 104.0000
2017.5821 104.6000
2017.6655 104.0000
2017.7461 102.4000
2017.8321 102.2000
2017.9127 103.7500
2017.9988 103.2500
2018.0821 102.6000
2018.1573 103.6667
2018.2488 107.0000
2018.3294 106.0000
2018.4155 105.0000
2018.4961 104.0000
2018.5821 102.8000
2018.6655 101.5000
2018.7461 103.5000
2018.8321 103.4000
2018.9127 105.2500
2018.9988 105.8000
2019.0821 105.8000
2019.1573 105.0000
2019.2488 106.0000
2019.3294 107.2000
2019.4155 106.0000
2019.4961 107.5000
2019.5821 108.8000
2019.6655 108.0000
2019.7461 110.0000
2019.8321 108.3333
2019.9127 108.5000
2019.9988 109.4000
2020.0821 108.0000
2020.16 112.6667
2020.2488 115.8000
2020.3294 117.0000
2020.4155 122.7500
2020.4961 119.8000
2020.5821 118.0000
2020.6655 114.6000
2020.7461 115.7500
2020.8321 118.3333
2020.9127 114.6000
2020.9988 120.5000
2021.0821 120.0000
2021.1573 113.0000
2021.2488 129.8000
2021.3294 121.2500
2021.4155 138.4000
2021.4961 146.2500
2021.5821 135.2500
2021.6655 135.7500
2021.7461 122.2500
2021.8321 134.5000
2021.9127 139.6000
2021.9988 133.2500
2022.0821 116.0000
2022.1573 113.6667
2022.2488 114.7500
2022.3294 113.0000
2022.4155 111.2000
2022.4961 111.2500
2022.5821 110.2500
2022.6655 110.2000
2022.7461 109.7500
2022.8321 111.0000
2022.9127 117.5000
2022.9988 110.2500
2023.0821 105.7500
2023.1573 109.2500
2023.2488 109.7500
2023.3294 107.5000
2023.4155 106.0000
2023.4961 107.7500
2023.5821 105.4000
2023.6655 110.7500
2023.7461 110.5000
2023.8321 113.6667
2023.9127 114.0000
2023.9988 113.7500
2024.0821 116.0000
2024.16 119.0000
2024.2488 122.2500
2024.3294 123.8000
2024.4155 127.0000
2024.4961 127.7500
2024.5821 128.8000
2024.6655 129.2500
2024.7461 130.4000
2024.8321 129.3333
2024.9127 130.0000
2024.9988 130.6000
2025.0821 116.5000
2025.1573 121.0000
2025.2488 126.8000
2025.3294 132.0000
2025.4155 132.0000
2025.4961 133.8000
2025.5821 127.2500
2025.6655 129.7500
2025.7461 127.6000
2025.8321 130.0000
2025.9127 127.7500
2025.9988 122.8000
2026.0821 121.7500
2026.1573 121.5000
2026.2488 126.0000
2026.3294 125.2500
2026.4155 124.3333
2026.4961 139.2000
2026.5821 137.7500
2026.6655 125.4000
2026.7461 125.3333
