# 生猪4个月均线
2015.3294 88.2300
2015.4155 88.1475
2015.4961 90.3180
2015.5821 96.5100
2015.6655 106.3880
2015.7461 115.0900
2015.8321 119.9375
2015.9127 120.9440
2015.9988 118.3800
2016.0821 116.7400
2016.16 118.0720
2016.2488 121.9450
2016.3294 127.2650
2016.4155 133.3100
2016.4961 138.0600
2016.5821 139.0100
2016.6655 136.3820
2016.7461 132.5275
2016.8321 126.0440
2016.9127 121.2300
2016.9988 118.9350
2017.0821 117.7040
2017.1573 118.7175
2017.2488 118.7450
2017.3294 116.8400
2017.4155 111.5500
2017.4961 104.1050
2017.5821 99.0260
2017.6655 95.6500
2017.7461 95.3000
2017.8321 97.0440
2017.9127 98.0150
2017.9988 98.9775
2018.0821 100.0460
2018.1573 100.2767
2018.2488 96.8625
2018.3294 89.5240
2018.4155 80.7475
2018.4961 75.0800
2018.5821 74.7840
2018.6655 79.4575
2018.7461 85.2450
2018.8321 90.7720
2018.9127 94.3800
2018.9988 95.3500
2019.0821 94.1940
2019.1573 91.9300
2019.2488 91.7800
2019.3294 95.0920
2019.4155 98.6600
2019.4961 103.2500
2019.5821 109.8000
2019.6655 119.0620
2019.7461 140.3660
2019.8321 168.7700
2019.9127 198.1300
2019.9988 225.6080
2020.0821 241.7500
2020.16 252.1433
2020.2488 249.5640
2020.3294 249.1475
2020.4155 243.5375
2020.4961 233.6240
2020.5821 230.8650
2020.6655 235.4000
2020.7461 243.2825
2020.8321 247.9033
2020.9127 237.3280
2020.9988 226.7150
2021.0821 224.1075
2021.1573 223.9850
2021.2488 223.6780
2021.3294 212.9550
2021.4155 186.5340
2021.4961 155.6325
2021.5821 137.7200
2021.6655 121.2325
2021.7461 106.1500
2021.8321 99.0600
2021.9127 101.9640
2021.9988 106.3825
2022.0821 108.4475
2022.1573 109.7733
2022.2488 104.2300
2022.3294 94.9725
2022.4155 92.1920
2022.4961 95.8600
2022.5821 107.0150
2022.6655 123.6640
2022.7461 138.6300
2022.8321 154.9480
2022.9127 166.3075
2022.9988 166.0225
2023.0821 157.6675
2023.1573 138.8700
2023.2488 120.8650
2023.3294 107.4775
2023.4155 101.9540
2023.4961 101.6550
2023.5821 99.6860
2023.6655 101.6425
2023.7461 105.4225
2023.8321 108.4733
2023.9127 109.5950
2023.9988 107.7250
2024.0821 102.3320
2024.16 100.1750
2024.2488 99.1750
2024.3294 100.0980
2024.4155 102.2567
2024.4961 106.5000
2024.5821 113.4840
2024.6655 122.2875
2024.7461 129.6260
2024.8321 131.9767
2024.9127 130.4175
2024.9988 124.2400
2025.0821 115.5875
2025.1573 112.0467
2025.2488 107.8480
2025.3294 104.9150
2025.4155 102.9267
2025.4961 101.4480
2025.5821 101.3075
2025.6655 100.3675
2025.7461 98.3340
2025.8321 94.4967
2025.9127 90.4175
2025.9988 85.2520
2026.0821 82.4775
2026.1573 82.3400
2026.2488 81.1020
2026.3294 77.0625
2026.4155 72.1333
2026.4961 67.7260
2026.5821 67.1500
2026.6655 69.3140
2026.7461 71.3533
