# 生猪价格指数（月度，元/公斤）
2015.0821 93.1175
2015.1573 89.3650
2015.2488 84.4880
2015.3294 86.8650
2015.4155 93.6875
2015.4961 101.9740
2015.5821 114.9250
2015.6655 125.6620
2015.7461 123.5525
2015.8321 119.4175
2015.9127 112.9700
2015.9988 114.7975
2016.0821 120.9300
2016.16 126.6740
2016.2488 132.4975
2016.3294 138.2175
2016.4155 143.4380
2016.4961 141.6125
2016.5821 129.0750
2016.6655 127.1620
2016.7461 126.1375
2016.8321 113.7660
2016.9127 115.1550
2016.9988 118.7475
2017.0821 123.6120
2017.1573 117.9650
2017.2488 111.3425
2017.3294 108.0425
2017.4155 98.2420
2017.4961 91.4675
2017.5821 94.5880
2017.6655 97.3725
2017.7461 99.5100
2017.8321 98.1600
2017.9127 98.1150
2017.9988 101.9800
2018.0821 103.6500
2018.1573 93.8567
2018.2488 75.8725
2018.3294 70.9460
2018.4155 70.3175
2018.4961 78.4850
2018.5821 84.3980
2018.6655 94.8500
2018.7461 96.6450
2018.8321 95.8420
2018.9127 93.6100
2018.9988 94.9980
2019.0821 87.6920
2019.1573 87.6150
2019.2488 99.5175
2019.3294 106.2980
2019.4155 105.6950
2019.4961 112.0350
2019.5821 125.1340
2019.6655 157.4040
2019.7461 200.3360
2019.8321 260.4833
2019.9127 258.9250
2019.9988 236.8580
2020.0821 250.3533
2020.16 266.2900
2020.2488 251.3160
2020.3294 233.1175
2020.4155 207.5600
2020.4961 225.5680
2020.5821 259.1850
2020.6655 258.8500
2020.7461 245.2800
2020.8321 210.3900
2020.9127 204.2640
2020.9988 232.7775
2021.0821 248.4225
2021.1573 224.9350
2021.2488 193.4040
2021.3294 162.5850
2021.4155 135.3440
2021.4961 100.4350
2021.5821 109.3650
2021.6655 104.6425
2021.7461 88.4575
2021.8321 92.9550
2021.9127 120.4340
2021.9988 116.9950
2022.0821 103.4775
2022.1573 87.6667
2022.2488 84.2225
2022.3294 89.6525
2022.4155 106.2520
2022.4961 113.1950
2022.5821 152.2975
2022.6655 150.7280
2022.7461 164.4075
2022.8321 183.0880
2022.9127 169.1175
2022.9988 136.0200
2023.0821 105.3800
2023.1573 101.7250
2023.2488 106.5900
2023.3294 99.7925
2023.4155 99.5140
2023.4961 98.7400
2023.5821 98.4400
2023.6655 118.5150
2023.7461 114.8350
2023.8321 105.0700
2023.9127 101.4850
2023.9988 99.2325
2024.0821 97.4020
2024.16 101.1100
2024.2488 99.8950
2024.3294 104.6600
2024.4155 107.3033
2024.4961 125.6450
2024.5821 128.3540
2024.6655 141.3200
2024.7461 132.5100
2024.8321 123.1200
2024.9127 115.5275
2024.9988 110.5360
2025.0821 109.5400
2025.1573 103.0033
2025.2488 101.6500
2025.3294 102.5050
2025.4155 101.3000
2025.4961 99.2320
2025.5821 101.9725
2025.6655 96.1275
2025.7461 91.6860
2025.8321 78.2800
2025.9127 82.0725
2025.9988 79.3320
2026.0821 88.1900
2026.1573 85.1700
2026.2488 70.3540
2026.3294 63.7200
2026.4155 66.7767
2026.4961 65.9220
2026.5821 74.6400
2026.6655 74.4860
2026.7461 75.7567
