# 育肥猪价格 月度（元/公斤）
2017.4961 2.9600
2017.5821 2.9725
2017.6655 2.9825
2017.7461 2.9925
2017.8321 3.0000
2017.9127 3.0020
2017.9988 3.0160
2018.0821 3.0380
2018.1573 3.0150
2018.2488 3.0200
2018.3294 3.0350
2018.4155 3.0180
2018.4961 2.9950
2018.5821 2.9900
2018.6655 3.0000
2018.7461 3.0160
2018.8321 3.0525
2018.9127 3.0700
2018.9988 3.0700
2019.0821 3.0520
2019.1573 3.0300
2019.2488 3.0050
2019.3294 2.9760
2019.4155 2.9740
2019.4961 3.0075
2019.5821 3.0200
2019.6655 3.0225
2019.7461 3.0525
2019.8321 3.0775
2019.9127 3.0925
2019.9988 3.0817
2020.0821 3.0700
2020.16 3.1033
2020.2488 3.1240
2020.3294 3.1450
2020.4155 3.1600
2020.4961 3.1560
2020.5821 3.1800
2020.6655 3.2425
2020.7461 3.2660
2020.8321 3.3000
2020.9127 3.3500
2020.9988 3.3860
2021.0821 3.4725
2021.1573 3.6000
2021.2488 3.6120
2021.3294 3.5733
2021.4155 3.5900
2021.4961 3.6220
2021.5821 3.6175
2021.6655 3.6140
2021.7461 3.6250
2021.8321 3.6200
2021.9127 3.6340
2021.9988 3.6400
2022.0821 3.6550
2022.1573 3.6700
2022.2488 3.7820
2022.3294 3.8575
2022.4155 3.8620
2022.4961 3.8675
2022.5821 3.8800
2022.6655 3.8640
2022.7461 3.9050
2022.8321 4.0025
2022.9127 4.0820
2022.9988 4.0875
2023.0821 4.0475
2023.1573 4.0325
2023.2488 3.9460
2023.3294 3.8750
2023.4155 3.8660
2023.4961 3.8425
2023.5821 3.8550
2023.6655 3.9080
2023.7461 3.9525
2023.8321 3.9050
2023.9127 3.8400
2023.9988 3.7950
2024.0821 3.7400
2024.16 3.6680
2024.2488 3.6225
2024.3294 3.5950
2024.4155 3.5540
2024.4961 3.5425
2024.5821 3.5375
2024.6655 3.5020
2024.7461 3.4525
2024.8321 3.4160
2024.9127 3.3925
2024.9988 3.3675
2025.0821 3.3512
2025.1573 3.3725
2025.2488 3.4075
2025.3294 3.4080
2025.4155 3.4087
2025.4961 3.3850
2025.5821 3.3750
2025.6655 3.3743
2025.7461 3.3900
2025.8321 3.3675
2025.9127 3.3575
2025.9988 3.3600
