# 肉类价格指数 月度（指数）
2017.0821 156.7000
2017.1573 160.6000
2017.2488 163.2000
2017.3294 166.6000
2017.4155 171.7000
2017.4961 175.2000
2017.5821 175.1000
2017.6655 172.4000
2017.7461 172.4000
2017.8321 172.7000
2017.9127 173.2000
2017.9988 171.6000
2018.0821 170.6000
2018.1573 169.0000
2018.2488 169.8000
2018.3294 169.0000
2018.4155 171.0000
2018.4961 171.0000
2018.5821 171.0000
2018.6655 166.3000
2018.7461 116.2000
2018.8321 161.6000
2018.9127 160.0000
2018.9988 163.6000
2019.0821 162.9000
2019.1573 163.6000
2019.2488 162.5300
2019.3294 169.1000
2019.4155 170.2400
2019.4961 176.0000
2019.5821 176.1900
2019.6655 179.7600
2019.7461 181.5300
2019.8321 182.6700
2019.9127 190.4700
2019.9988 191.5500
2020.0821 182.4800
2020.16 178.5900
2020.2488 176.0300
2020.3294 168.7900
2020.4155 167.9900
2020.4961 95.1600
2020.5821 93.0200
2020.6655 93.2200
2020.7461 91.5500
2020.8321 90.6900
2020.9127 91.9100
2020.9988 94.3100
2021.0821 96.0400
2021.1573 96.4000
2021.2488 98.9000
2021.3294 101.8400
2021.4155 105.0000
2021.4961 109.6200
2021.5821 110.2900
2021.6655 112.5100
2021.7461 115.5200
2021.8321 112.0700
2021.9127 109.7700
2021.9988 111.3000
2022.0821 112.6000
2022.1573 112.7600
2022.2488 119.7500
2022.3294 121.9200
2022.4155 121.9900
2022.4961 124.7200
2022.5821 124.0000
2022.6655 122.7200
2022.7461 121.3800
2022.8321 118.4100
2022.9127 117.1400
2023.0821 113.6000
2023.1573 111.9500
2023.2488 113.0100
2023.3294 114.4800
2023.4155 117.8600
2023.4961 117.8500
2023.5821 117.7700
2023.6655 114.6100
2023.7461 114.2100
2023.8321 112.8800
2023.9127 111.8400
2023.9988 110.6500
2024.0821 109.7800
2024.16 112.4200
2024.2488 112.9900
2024.3294 116.3500
2024.4155 116.5500
2024.4961 116.8900
2024.5821 119.4600
2024.6655 119.5400
2024.7461 119.5900
2024.8321 120.4400
2024.9127 118.1500
2024.9988 119.0400
2025.1573 117.9600
2025.2488 118.0100
2025.3294 121.6000
2025.4155 124.6000
2025.4961 126.0000
2025.5821 127.2600
2025.6655 127.6000
2025.7461 127.8200
2025.8321 125.0000
