# 仔猪价格 月度（元/公斤）
2019.0821 21.5700
2019.1573 23.0350
2019.2488 30.3500
2019.3294 36.4525
2019.4155 38.1120
2019.4961 39.7700
2019.5821 42.6080
2019.6655 47.0675
2019.7461 55.8725
2019.8321 68.2840
2019.9127 77.7450
2019.9988 75.4075
2020.0821 77.1125
2020.16 81.1600
2020.2488 91.2750
2020.3294 98.9480
2020.4155 96.2775
2020.4961 96.1400
2020.5821 104.6150
2020.6655 108.6375
2020.7461 106.6260
2020.8321 93.9875
2020.9127 83.2725
2020.9988 82.5980
2021.0821 89.1875
2021.1573 90.9167
2021.2488 93.0300
2021.3294 86.8233
2021.4155 74.1525
2021.4961 53.6280
2021.5821 43.8575
2021.6655 38.7425
2021.7461 30.4740
2021.8321 23.2525
2021.9127 26.2650
2021.9988 27.9780
2022.0821 26.5475
2022.1573 25.4125
2022.2488 24.2420
2022.3294 25.7725
2022.4155 31.5525
2022.4961 36.3360
2022.5821 43.9875
2022.6655 44.5480
2022.7461 44.0575
2022.8321 45.6225
2022.9127 45.6080
2022.9988 40.2625
2023.0821 34.8625
2023.1573 34.0600
2023.2488 37.7160
2023.3294 36.8875
2023.4155 36.5000
2023.4961 34.6350
2023.5821 31.8800
2023.6655 32.8500
2023.7461 31.4000
2023.8321 27.4575
2023.9127 24.2440
2023.9988 23.2600
2024.0821 23.2150
2024.16 28.2260
2024.2488 32.1100
2024.3294 36.7275
2024.4155 38.7040
2024.4961 43.5775
2024.5821 43.9200
2024.6655 44.2660
2024.7461 41.4450
2024.8321 36.3740
2024.9127 34.4225
2024.9988 33.1675
2025.0821 33.9680
2025.1573 36.2050
2025.2488 37.2425
2025.3294 39.1620
2025.4155 39.1400
2025.4961 37.2525
2025.5821 35.7300
2025.6655 33.6325
2025.7461 30.0620
2025.8321 25.7950
2025.9127 24.2500
2025.9988 23.4020
2026.0821 25.3775
2026.1573 27.5650
2026.2488 26.4900
2026.3294 23.4980
2026.4155 23.3500
2026.4961 22.5400
2026.5821 22.6360
2026.6655 22.0500
