# 猪粮比价 月度（倍）
2020.0821 17.9300
2020.16 18.5700
2020.2488 18.0725
2020.3294 16.6100
2020.4155 14.0375
2020.4961 14.4450
2020.5821 16.3920
2020.6655 15.7850
2020.7461 15.1900
2020.8321 12.4333
2020.9127 11.8033
2020.9988 12.7400
2021.0821 12.7767
2021.1573 9.8700
2021.2488 9.7125
2021.3294 8.6625
2021.4155 7.3675
2021.4961 5.6960
2021.5821 5.8275
2021.6655 5.6575
2021.7461 5.0520
2021.8321 5.3400
2021.9127 6.5100
2021.9988 6.4940
2022.0821 5.7650
2022.1573 5.1333
2022.2488 4.6700
2022.3294 4.8500
2022.4155 5.4200
2022.4961 5.8240
2022.5821 7.7100
2022.6655 7.7720
2022.7461 8.4325
2022.8321 9.4667
2022.9127 8.7100
2022.9988 7.0200
2023.0821 5.6833
2023.1573 5.0700
2023.2488 5.3280
2023.3294 5.1300
2023.4155 5.1680
2023.4961 5.0775
2023.5821 4.9575
2023.6655 5.8700
2023.7461 5.7425
2023.8321 5.6500
2023.9127 5.5180
2023.9988 5.5750
2024.0821 5.8200
2024.16 6.1033
2024.2488 6.0375
2024.3294 6.3175
2024.4155 6.5450
2024.4961 7.4650
2024.5821 7.5720
2024.6655 8.4375
2024.7461 8.2175
2024.8321 7.9200
2024.9127 7.6300
2024.9988 7.7250
2025.0821 7.8950
2025.1573 7.3200
2025.2488 6.8467
2025.3294 6.6900
2025.4155 6.3750
2025.4961 6.1600
2025.5821 6.1625
2025.6655 5.9400
2025.7461 5.8350
2025.8321 5.3675
2025.9127 5.4425
2025.9988 5.2520
2026.0821 5.6800
2026.1573 5.3900
2026.2488 4.4725
2026.3294 4.0280
2026.4155 4.1175
2026.4961 3.9625
2026.5821 4.3740
2026.6655 4.4400
