# 二元母猪价格 月度（元/公斤）
2018.9127 30.1250
2018.9988 29.3150
2019.0821 28.6900
2019.2488 29.7600
2019.4155 32.9400
2019.4961 33.9267
2019.5821 35.8280
2019.6655 39.3600
2019.7461 46.0000
2019.8321 55.8167
2019.9127 62.2800
2019.9988 62.9300
2020.0821 63.9900
2020.16 65.9500
2020.2488 69.5850
2020.3294 71.9875
2020.4155 71.0225
2020.4961 70.2950
2020.5821 73.9980
2020.6655 75.0400
2020.7461 75.6225
2020.8321 75.2700
2020.9127 75.0367
2020.9988 73.7275
2021.0821 75.1967
2021.1573 74.0800
2021.2488 74.4300
2021.3294 71.5725
2021.4155 68.0600
2021.4961 57.7400
2021.5821 52.2700
2021.6655 49.3100
2021.7461 43.5900
2021.8321 37.6600
2021.9127 38.7300
2021.9988 39.1700
2022.0821 37.6200
2022.1573 36.2700
2022.2488 35.1200
2022.3294 34.9200
2022.4155 36.5700
2022.4961 37.9200
2022.5821 41.7900
2022.6655 42.3900
2022.7461 42.6100
2022.8321 43.6600
2022.9127 43.3600
2022.9988 41.3000
2023.0821 38.7300
2023.1573 37.5800
2023.2488 37.8200
2023.3294 37.2700
2023.4155 36.8000
2023.4961 36.1100
2023.5821 35.1600
2023.6655 35.4800
2023.7461 35.1900
2023.8321 34.1400
2023.9127 33.2600
2023.9988 32.8400
2024.0821 32.7100
2024.16 33.2000
2024.2488 33.8200
2024.3294 34.7400
2024.4155 35.0500
2024.4961 36.4200
2024.5821 37.1500
2024.6655 37.9500
2024.7461 37.7500
2024.8321 36.8400
2024.9127 36.0100
2024.9988 35.4800
2025.0821 35.3000
2025.1573 35.1700
2025.2488 34.6600
2025.3294 34.4900
2025.4155 34.3500
2025.4961 33.6000
2025.5821 33.0600
2025.6655 32.5200
2025.7461 31.8800
2025.8321 30.2100
2025.9127 29.5100
2025.9988 29.4200
2026.0821 29.3200
2026.1573 29.5900
2026.2488 29.1200
2026.3294 28.0400
2026.4155 27.6100
2026.4961 26.7700
