# 储备冻猪肉 月度（万吨）
2020.0821 2.5000
2020.16 1.7500
2020.2488 2.0000
2020.3294 1.6000
2020.4155 1.6667
2020.4961 1.5000
2020.5821 1.5000
2020.6655 1.2500
2020.7461 1.6000
2020.9988 2.3333
2021.0821 2.7500
2021.1573 2.0500
2021.2488 1.0000
2021.5821 1.7667
2021.8321 3.0000
2022.2488 2.6000
2022.3294 3.2000
2022.4155 3.0000
2022.4961 4.0000
2022.7461 2.1775
2022.8321 2.0000
2022.9127 1.0000
2023.1573 2.0000
2023.5821 1.7017
2023.9127 1.0000
2023.9988 2.3000
2024.0821 2.4038
2024.16 3.1550
2024.4155 3.0000
2024.4961 3.0000
2024.6655 2.7000
2024.7461 1.9917
2024.8321 1.9600
2025.0821 2.5000
2025.1573 4.8250
2025.2488 2.2700
2025.3294 2.0000
2025.4155 0.9750
2025.4961 1.0000
2025.6655 1.0000
2025.7461 1.5000
2025.8321 1.5000
2025.9127 0.3600
2025.9988 1.2300
2026.0821 1.7000
2026.2488 1.0000
2026.3294 1.0000
2026.4155 2.5000
2026.4961 1.9100
2026.5821 1.3450
2026.6655 1.0850
