# 白条肉出厂价 周度（元/公斤）
2018.0 20.3900
2018.0192 20.5700
2018.0385 20.5100
2018.0577 20.4500
2018.0769 20.2900
2018.0962 19.8800
2018.1154 19.7100
2018.1346 19.4100
2018.1538 18.6700
2018.1731 17.9000
2018.1923 17.2600
2018.2308 16.2500
2018.25 16.0300
2018.2692 15.8500
2018.2885 15.6600
2018.3077 15.4900
2018.3269 15.2500
2018.3462 15.1400
2018.3654 15.0500
2018.3846 15.3000
2018.4038 15.6600
2018.4231 15.8400
2018.4423 15.9900
2018.4615 16.0600
2018.4808 16.0300
2018.5 16.1800
2018.5192 16.7300
2018.5385 17.0100
2018.5577 17.4900
2018.5769 17.9800
2018.5962 18.4800
2018.6154 18.7700
2018.6346 18.7900
2018.6538 18.8500
2018.6731 19.3500
2018.6923 19.7100
2018.7115 19.7200
2018.7308 19.5400
2018.75 19.6100
2018.7692 19.5700
2018.8077 19.5100
2018.8269 19.5800
2018.8462 19.4300
2018.8654 19.4100
2018.8846 19.2400
2018.9038 19.3200
2018.9231 19.5100
2018.9423 19.5400
2018.9615 19.4100
2018.9808 19.2900
2019.0 19.0300
2019.0192 18.5400
2019.0385 17.9300
2019.0577 17.1400
2019.0769 16.7400
2019.0962 17.6500
2019.1154 17.2500
2019.1346 17.2100
2019.1538 17.0300
2019.1731 17.9100
2019.1923 19.3100
2019.2115 19.7100
2019.2308 19.7200
2019.25 19.7500
2019.2692 19.6900
2019.2885 19.4500
2019.3077 19.4300
2019.3269 19.5800
2019.3462 19.6700
2019.3654 19.6600
2019.3846 19.5400
2019.4038 19.6900
2019.4231 20.1900
2019.4423 20.5200
2019.4615 21.3900
2019.4808 21.8600
2019.5 22.0800
2019.5192 22.8200
2019.5385 23.7500
2019.5577 24.1300
2019.5769 24.6200
2019.5962 26.7500
2019.6154 29.1000
2019.6346 31.0800
2019.6538 33.0500
2019.6731 34.5200
2019.6923 35.4500
2019.7115 36.0200
2019.7308 36.2500
2019.75 38.0600
2019.7692 41.6500
2019.7885 45.0600
2019.8077 49.9700
2019.8269 50.6400
2019.8462 49.2200
2019.8654 45.2000
2019.8846 42.3800
2019.9038 41.7500
2019.9231 43.4200
2019.9423 43.2200
2019.9615 43.1800
2019.9808 43.2800
2020.0 44.3300
2020.0192 45.8100
2020.0385 46.5600
2020.0577 47.0700
2020.0769 48.4300
2020.0962 49.3300
2020.1154 50.1100
2020.1346 49.7100
2020.1538 48.3900
2020.1731 47.7300
2020.1923 47.4600
2020.2115 46.8700
2020.2308 45.7700
2020.25 44.9300
2020.2692 44.1800
2020.2885 43.6700
2020.3077 43.0500
2020.3269 42.3200
2020.3462 41.0900
2020.3654 38.3700
2020.3846 37.7800
2020.4038 38.4200
2020.4231 39.8400
2020.4423 40.8500
2020.4615 42.6000
2020.4808 43.8000
2020.5 45.2300
2020.5192 47.2100
2020.5385 47.8400
2020.5577 47.6000
2020.5769 47.7900
2020.5962 47.9300
2020.6154 47.7900
2020.6346 47.7700
2020.6538 47.6200
2020.6731 47.4800
2020.6923 46.9500
2020.7115 46.0800
2020.7308 44.8100
2020.75 44.1000
2020.7692 42.9300
2020.7885 40.9000
2020.8462 38.9100
2020.8654 38.7700
2020.8846 38.6600
2020.9038 39.3900
2020.9231 41.6700
2020.9423 42.5100
2020.9615 43.2400
2020.9808 43.8300
2021.0 45.3700
2021.0 46.2600
2021.0192 46.4800
2021.0385 45.9000
2021.0577 44.9000
2021.0769 43.0200
2021.0962 42.4900
2021.1154 40.8800
2021.1346 38.4900
2021.1538 38.4300
2021.1731 37.7600
2021.1923 36.8700
2021.2115 35.8400
2021.2308 33.9500
2021.25 31.3600
2021.2692 31.3200
2021.2885 31.1400
2021.3077 30.2000
2021.3269 28.8800
2021.3462 26.9100
2021.3654 25.8000
2021.3846 24.8700
2021.4038 23.7200
2021.4231 22.3400
2021.4423 21.0400
2021.4615 20.7900
2021.4808 22.6400
2021.5 22.7500
2021.5192 22.3600
2021.5385 22.3600
2021.5577 22.1900
2021.5769 21.9800
2021.5962 21.8300
2021.6154 21.4800
2021.6346 21.1900
2021.6538 20.5400
2021.6731 20.0700
2021.6923 19.5400
2021.7115 18.8000
2021.7308 17.9500
2021.75 17.4300
2021.7692 18.6800
2021.7885 20.4700
2021.8077 22.2500
2021.8269 23.0000
2021.8462 23.9200
2021.8654 24.5500
2021.8846 25.0400
2021.9038 25.1500
2021.9231 24.6400
2021.9423 24.0600
2021.9615 23.6200
2021.9808 23.3800
2022.0 22.8500
2022.0192 21.8300
2022.0385 21.4900
2022.0577 21.2900
2022.0769 21.3500
2022.0962 20.3100
2022.1154 19.5900
2022.1346 19.2300
2022.1538 18.9300
2022.1731 18.6500
2022.1923 18.3500
2022.2115 18.3800
2022.2308 18.4700
2022.25 18.5200
2022.2692 18.5900
2022.2885 19.7500
2022.3077 20.4300
2022.3269 20.7100
2022.3462 21.0000
2022.3654 21.4300
2022.3846 21.6200
2022.4038 21.6900
2022.4231 21.6900
2022.4423 22.0500
2022.4615 23.0400
2022.4808 25.3000
2022.5 28.5800
2022.5192 29.2200
2022.5385 29.1500
2022.5577 28.5800
2022.5769 28.5100
2022.5962 28.4000
2022.6154 28.4200
2022.6346 29.0600
2022.6538 29.9600
2022.6731 30.3800
2022.6923 30.6800
2022.7115 31.2000
2022.7308 31.6000
2022.75 32.8200
2022.7692 34.7500
2022.7885 36.0000
2022.8077 35.6500
2022.8269 34.8600
2022.8462 33.6500
2022.8654 32.9200
2022.8846 31.7300
2022.9038 31.0300
2022.9231 30.2900
2022.9423 28.1300
2022.9615 25.6600
2022.9808 25.1800
2023.0 23.5400
2023.0192 22.3800
2023.0385 22.5000
2023.0577 22.4900
2023.0769 21.3100
2023.0962 20.9400
2023.1154 21.0600
2023.1346 21.6500
2023.1538 21.8700
2023.1731 21.7300
2023.1923 21.4200
2023.2115 21.2900
2023.2308 20.9700
2023.25 20.6400
2023.2692 20.3900
2023.2885 20.2100
2023.3077 20.4800
2023.3269 20.4300
2023.3462 20.2700
2023.3654 20.1400
2023.3846 20.0900
2023.4038 20.1100
2023.4423 20.0500
2023.4615 20.0700
2023.4808 19.8700
2023.5 19.9000
2023.5192 19.9000
2023.5385 19.9500
2023.5577 20.8300
2023.5769 22.6100
2023.5962 23.1000
2023.6154 23.1700
2023.6346 23.2000
2023.6538 23.0900
2023.6731 22.8700
2023.7115 22.5300
2023.7308 22.3800
2023.75 22.0900
2023.7692 21.7600
2023.7885 21.6800
2023.8077 21.3200
2023.8269 21.1400
2023.8462 21.0100
2023.8654 20.9800
2023.8846 21.0600
2023.9038 20.9400
2023.9231 20.6300
2023.9423 20.6500
2023.9615 20.7700
2023.9808 20.6200
2024.0 20.3600
2024.0192 20.0400
2024.0385 19.9600
2024.0577 20.5100
2024.0769 21.3100
2024.0962 21.4500
2024.1154 21.3100
2024.1346 20.6100
2024.1538 20.3200
2024.1731 20.3600
2024.1923 20.5000
2024.2115 20.7200
2024.2308 20.9700
2024.25 21.0200
2024.2692 21.0200
2024.2885 20.9300
2024.3077 20.8800
2024.3269 20.8400
2024.3462 20.7900
2024.3654 20.8800
2024.3846 21.4900
2024.4038 22.4700
2024.4231 23.5600
2024.4423 24.0400
2024.4615 24.0200
2024.4808 23.6900
2024.5 23.8500
2024.5192 24.1900
2024.5385 24.6600
2024.5577 25.0300
2024.5769 25.4700
2024.5962 26.3600
2024.6154 27.0200
2024.6346 26.9000
2024.6538 26.3900
2024.6731 26.3700
2024.6923 26.2000
2024.7115 25.7900
2024.7308 25.1800
2024.75 24.6800
2024.7692 24.5800
2024.7885 24.5000
2024.8077 24.3700
2024.8269 24.2400
2024.8462 23.9500
2024.8654 23.5700
2024.8846 23.2500
2024.9038 23.3000
2024.9231 23.0500
2024.9423 22.7900
2024.9615 22.6900
2024.9808 22.6100
2025.0 22.7400
2025.0192 22.8200
2025.0385 22.7800
2025.0577 22.9000
2025.0769 23.1000
2025.0962 22.6200
2025.1154 22.0200
2025.1346 21.8700
2025.1538 21.7300
2025.1731 21.5600
2025.1923 21.5000
2025.2115 21.4200
2025.2308 21.3200
2025.25 21.2700
2025.2692 21.1600
2025.2885 21.2000
2025.3077 21.2300
2025.3269 21.1600
2025.3462 21.0800
2025.3654 21.0000
2025.3846 20.8700
2025.4038 20.8500
2025.4231 20.7400
2025.4423 20.5900
2025.4615 20.6000
2025.4808 20.6600
2025.5 21.0100
2025.5192 21.1000
2025.5385 20.9600
2025.5577 20.8100
2025.5769 19.5500
2025.5962 19.4400
2025.6154 19.2700
2025.6346 19.1900
2025.6538 19.1500
2025.6731 19.1700
2025.6923 18.9400
2025.7115 18.6300
2025.7308 18.3000
2025.75 18.0700
2025.7692 17.5800
2025.7885 17.0500
2025.8077 17.1600
2025.8269 17.6000
2025.8462 17.5800
2025.8654 17.4600
2025.8846 17.2800
2025.9038 17.1400
2025.9231 16.9800
2025.9423 16.9800
2025.9615 17.0300
2025.9808 17.1000
2026.0 17.6200
2026.0192 17.8100
2026.0385 17.9900
2026.0577 18.2800
2026.0769 18.2400
2026.0962 18.0300
2026.1154 17.8600
2026.1346 18.0100
2026.1538 17.2400
2026.1731 16.5500
2026.1923 16.0500
2026.2115 15.8500
2026.2308 15.5500
2026.25 15.1900
2026.2692 14.8500
2026.2885 14.6600
2026.3077 15.0200
2026.3269 15.1300
2026.3462 14.9800
2026.3654 14.9100
2026.3846 14.9500
2026.4038 14.8900
2026.4231 14.7400
2026.4423 14.6900
2026.4615 14.6700
2026.4808 14.6600
2026.5 15.0500
2026.5192 15.7900
2026.5385 15.9300
2026.5577 15.8300
2026.5769 15.6300
2026.5962 15.5600
2026.6154 15.7800
