# 申万动物保健指数 月度收盘
2011.8321 1977.6200
2011.9127 2047.7200
2011.9988 1711.3500
2012.0821 1699.5600
2012.16 1843.4700
2012.2488 1723.4700
2012.3294 1865.9700
2012.4155 1867.5200
2012.4961 1778.7000
2012.5821 1693.2800
2012.6655 1690.7300
2012.7461 1639.5300
2012.8321 1580.2600
2012.9127 1365.3800
2012.9988 1601.9100
2013.0821 1691.6700
2013.1573 1918.9700
2013.2488 1776.2600
2013.3294 1746.5900
2013.4155 2102.1600
2013.4961 1745.6500
2013.5821 1852.2700
2013.6655 1953.6600
2013.7461 2031.9700
2013.8321 2037.4300
2013.9127 2271.4700
2013.9988 2350.0600
2014.0821 2370.2000
2014.1573 2283.8000
2014.2488 2147.8000
2014.3294 2115.7400
2014.4155 2141.8800
2014.4961 2259.3500
2014.5821 2347.5600
2014.6655 2486.0200
2014.7461 2697.5000
2014.8321 2745.6500
2014.9127 2745.3400
2014.9988 2560.4400
2015.0821 2996.3500
2015.1573 3213.4300
2015.2488 3723.1900
2015.3294 4149.6300
2015.4155 7211.1200
2015.4961 6394.2500
2015.5821 6289.9400
2015.6655 4787.6300
2015.7461 4716.4200
2015.8321 5833.0800
2015.9127 7101.6100
2015.9988 7633.2600
2016.0821 5299.9100
2016.16 5269.6600
2016.2488 6535.7600
2016.3294 6187.2600
2016.4155 6150.0800
2016.4961 6216.7600
2016.5821 6551.5600
2016.6655 6862.3100
2016.7461 7046.1200
2016.8321 7050.3900
2016.9127 7342.6500
2016.9988 6887.4100
2017.0821 6545.4300
2017.1573 7079.2300
2017.2488 7025.5400
2017.3294 6860.2700
2017.4155 6460.9200
2017.4961 6633.7100
2017.5821 6310.2600
2017.6655 6373.6700
2017.7461 6380.4300
2017.8321 6882.7400
2017.9127 6479.8300
2017.9988 6929.1600
2018.0821 6673.4900
2018.1573 6383.4900
2018.2488 6349.2500
2018.3294 6013.9400
2018.4155 6364.9300
2018.4961 5690.8500
2018.5821 5305.1700
2018.6655 5006.6200
2018.7461 5295.0900
2018.8321 5290.1900
2018.9127 5198.7600
2018.9988 4838.1400
2019.0821 4397.7700
2019.1573 5122.6200
2019.2488 5801.1500
2019.3294 5725.3000
2019.4155 5111.8300
2019.4961 5136.1400
2019.5821 5136.0700
2019.6655 5856.6600
2019.7461 6136.2700
2019.8321 6849.2500
2019.9127 5945.8100
2019.9988 6011.7200
2020.0821 6453.1900
2020.16 6684.4800
2020.2488 6615.6400
2020.3294 7408.8600
2020.4155 7540.7100
2020.4961 8566.2200
2020.5821 10498.1500
2020.6655 9804.4200
2020.7461 8456.0300
2020.8321 7948.8400
2020.9127 7624.8200
2020.9988 6720.6500
2021.0821 7203.3400
2021.1573 6952.8800
2021.2488 6825.5100
2021.3294 7421.9400
2021.4155 7532.3600
2021.4961 6849.4900
2021.5821 6259.2700
2021.6655 5881.7300
2021.7461 5939.3100
2021.8321 5761.6000
2021.9127 5999.0000
2021.9988 6389.4400
2022.0821 5805.3800
2022.1573 5978.7400
2022.2488 5552.1100
2022.3294 4215.5900
2022.4155 4636.0900
2022.4961 4808.2500
2022.5821 4606.7100
2022.6655 5085.6300
2022.7461 4870.4900
2022.8321 4902.7600
2022.9127 5139.1400
2022.9988 5016.5400
2023.0821 5596.7700
2023.1573 6219.6400
2023.2488 5810.9500
2023.3294 5325.1900
2023.4155 5007.2500
2023.4961 4750.5900
2023.5821 4954.3300
2023.6655 4696.1000
2023.7461 4665.2900
2023.8321 4572.1600
2023.9127 4733.5200
2023.9988 4792.7900
2024.0821 3646.7300
2024.16 3828.5800
2024.2488 3925.3800
2024.3294 3980.4000
2024.4155 3850.9900
2024.4961 3194.7400
2024.5821 3047.4800
2024.6655 2870.4000
2024.7461 3367.8600
2024.8321 3391.2100
2024.9127 3589.2000
2024.9988 3418.6300
2025.0821 3288.6800
2025.1573 3214.3800
2025.2488 3474.9800
2025.3294 3706.7400
2025.4155 4119.8100
2025.4961 4133.5100
2025.5821 4356.8300
2025.6655 4578.2600
2025.7461 4475.7700
2025.8321 4663.8300
2025.9127 4791.0900
2025.9988 4909.9400
2026.0821 5547.6800
2026.1573 5366.2700
2026.2488 4767.3400
2026.3294 4855.1700
2026.4155 4101.5100
2026.4961 4061.9400
2026.5821 4314.2600
2026.6655 4369.9800
2026.7461 4141.4200
