# 申万农产品加工指数 月度收盘
1999.9988 1000.0000
2000.0821 1178.4100
2000.16 1356.3500
2000.2488 1459.7000
2000.3294 1398.7600
2000.4155 1475.8700
2000.4961 1495.0300
2000.5821 1545.9100
2000.6655 1481.3400
2000.7461 1371.7000
2000.8321 1402.5000
2000.9127 1547.6300
2000.9988 1552.7000
2001.0821 1540.0700
2001.1573 1474.2000
2001.2488 1659.9800
2001.3294 1601.5300
2001.4155 1836.0900
2001.4961 1668.3000
2001.5821 1425.4100
2001.6655 1404.0400
2001.7461 1303.4700
2001.8321 1249.9800
2001.9127 1302.2700
2001.9988 1206.6100
2002.0821 1037.6900
2002.1573 1070.6100
2002.2488 1154.0000
2002.3294 1180.0800
2002.4155 1050.1500
2002.4961 1150.9800
2002.5821 1105.5900
2002.6655 1103.2300
2002.7461 1005.7700
2002.8321 963.4200
2002.9127 924.3000
2002.9988 872.7400
2003.0821 957.9000
2003.1573 961.1400
2003.2488 926.6900
2003.3294 858.0000
2003.4155 896.8900
2003.4961 851.6300
2003.5821 822.6300
2003.6655 810.4400
2003.7461 764.1300
2003.8321 757.4700
2003.9127 780.1800
2003.9988 736.2300
2004.0821 795.2000
2004.16 859.1600
2004.2488 909.4400
2004.3294 818.6800
2004.4155 798.3800
2004.4961 711.1400
2004.5821 699.9500
2004.6655 646.2500
2004.7461 679.4100
2004.8321 613.4100
2004.9127 633.1300
2004.9988 587.3300
2005.0821 527.5500
2005.1573 580.3400
2005.2488 535.9900
2005.3294 467.3400
2005.4155 457.4900
2005.4961 446.7300
2005.5821 410.2300
2005.6655 489.4600
2005.7461 520.6700
2005.8321 515.6600
2005.9127 467.0200
2005.9988 530.4900
2006.0821 564.4300
2006.1573 564.9000
2006.2488 546.7600
2006.3294 627.4500
2006.4155 782.0300
2006.4961 738.6300
2006.5821 685.6700
2006.6655 655.7900
2006.7461 723.1200
2006.8321 703.7800
2006.9127 770.5300
2006.9988 819.1400
2007.0821 958.7500
2007.1573 1140.8800
2007.2488 1310.8000
2007.3294 1633.5800
2007.4155 1766.7400
2007.4961 1422.7100
2007.5821 1804.9200
2007.6655 1896.3400
2007.7461 1907.7400
2007.8321 1690.2100
2007.9127 1749.7800
2007.9988 2227.5300
2008.0821 2455.5800
2008.16 2781.0900
2008.2488 2414.2500
2008.3294 2516.5400
2008.4155 2337.6800
2008.4961 1809.6200
2008.5821 1859.5600
2008.6655 1282.3300
2008.7461 1156.1000
2008.8321 760.6300
2008.9127 1005.9500
2008.9988 1041.2900
2009.0821 1217.4500
2009.1573 1366.1900
2009.2488 1681.9800
2009.3294 1583.0300
2009.4155 1675.8600
2009.4961 1771.2200
2009.5821 2124.0300
2009.6655 1916.8000
2009.7461 1948.5600
2009.8321 2114.6000
2009.9127 2456.3900
2009.9988 2567.4500
2010.0821 2367.0100
2010.1573 2530.0800
2010.2488 2544.6700
2010.3294 2558.3400
2010.4155 2198.9100
2010.4961 1849.0700
2010.5821 2169.2700
2010.6655 2390.8900
2010.7461 2401.2300
2010.8321 2875.5600
2010.9127 2860.8900
2010.9988 2889.6800
2011.0821 2551.0700
2011.1573 2871.7400
2011.2488 2753.8700
2011.3294 2614.2000
2011.4155 2353.3800
2011.4961 2288.0000
2011.5821 2445.0300
2011.6655 2329.7400
2011.7461 1904.6500
2011.8321 1942.3900
2011.9127 1917.4000
2011.9988 1597.4600
2012.0821 1528.4000
2012.16 1717.9300
2012.2488 1552.1900
2012.3294 1663.4700
2012.4155 1630.5200
2012.4961 1466.8700
2012.5821 1332.9300
2012.6655 1382.3300
2012.7461 1357.9800
2012.8321 1317.8600
2012.9127 1161.0500
2012.9988 1314.9100
2013.0821 1406.6100
2013.1573 1477.0600
2013.2488 1393.5100
2013.3294 1311.7600
2013.4155 1468.3500
2013.4961 1204.8000
2013.5821 1211.7700
2013.6655 1290.7500
2013.7461 1363.4200
2013.8321 1348.5300
2013.9127 1416.8300
2013.9988 1414.7000
2014.0821 1320.7700
2014.1573 1318.7400
2014.2488 1289.4100
2014.3294 1227.1900
2014.4155 1289.6600
2014.4961 1297.6400
2014.5821 1446.9500
2014.6655 1484.7300
2014.7461 1775.5800
2014.8321 1740.0600
2014.9127 1867.2700
2014.9988 1836.0400
2015.0821 1958.9600
2015.1573 2119.0300
2015.2488 2540.9700
2015.3294 3092.3000
2015.4155 3613.3100
2015.4961 3840.4600
2015.5821 3410.5200
2015.6655 3178.5800
2015.7461 2760.1400
2015.8321 3201.8700
2015.9127 3299.4900
2015.9988 3423.7400
2016.0821 2442.4600
2016.16 2496.8000
2016.2488 2849.6800
2016.3294 2794.2400
2016.4155 2638.0000
2016.4961 2802.8600
2016.5821 2793.3900
2016.6655 2877.8800
2016.7461 2788.1800
2016.8321 2958.7400
2016.9127 3086.6700
2016.9988 3163.7000
2017.0821 3018.3400
2017.1573 3166.9800
2017.2488 3067.7300
2017.3294 2807.7800
2017.4155 2562.5100
2017.4961 2672.9600
2017.5821 2691.5800
2017.6655 2752.6500
2017.7461 2794.9400
2017.8321 2742.2000
2017.9127 2604.3600
2017.9988 2556.5100
2018.0821 2513.6800
2018.1573 2358.5000
2018.2488 2471.5500
2018.3294 2365.4800
2018.4155 2373.4300
2018.4961 2093.1100
2018.5821 2003.2900
2018.6655 1797.8300
2018.7461 1803.5900
2018.8321 1605.9200
2018.9127 1664.7300
2018.9988 1656.3300
2019.0821 1622.6200
2019.1573 1901.6100
2019.2488 2050.1800
2019.3294 2021.2900
2019.4155 1956.0800
2019.4961 1975.0800
2019.5821 1948.7000
2019.6655 1857.5500
2019.7461 1794.2800
2019.8321 1841.7300
2019.9127 1781.1600
2019.9988 1865.3400
2020.0821 1799.1200
2020.16 1830.8600
2020.2488 2120.3400
2020.3294 2135.9100
2020.4155 2183.4900
2020.4961 2327.3600
2020.5821 2906.5400
2020.6655 3199.9500
2020.7461 2740.2100
2020.8321 2563.6200
2020.9127 2764.5900
2020.9988 3201.2900
2021.0821 3324.1500
2021.1573 3013.2700
2021.2488 2896.1900
2021.3294 2966.4400
2021.4155 3303.2400
2021.4961 3063.8900
2021.5821 2739.1200
2021.6655 2751.1900
2021.7461 2877.8700
2021.8321 2849.7600
2021.9127 2991.9700
2021.9988 3011.4100
2022.0821 2705.3000
2022.1573 2807.9200
2022.2488 2851.0900
2022.3294 2489.8700
2022.4155 2768.7900
2022.4961 2781.8900
2022.5821 2605.4700
2022.6655 2640.2900
2022.7461 2375.2200
2022.8321 2229.8500
2022.9127 2428.9000
2022.9988 2500.8800
2023.0821 2548.4600
2023.1573 2601.8400
2023.2488 2523.4400
2023.3294 2523.8000
2023.4155 2382.2300
2023.4961 2401.1700
2023.5821 2496.2000
2023.6655 2296.3700
2023.7461 2221.4300
2023.8321 2219.2900
2023.9127 2263.3100
2023.9988 2158.8900
2024.0821 1905.9900
2024.16 2037.9000
2024.2488 1983.1000
2024.3294 2002.0900
2024.4155 2022.5400
2024.4961 1784.4000
2024.5821 1775.1200
2024.6655 1676.8400
2024.7461 2085.5800
2024.8321 2036.9700
2024.9127 2108.0400
2024.9988 2006.6700
2025.0821 1941.2200
2025.1573 1972.1600
2025.2488 1968.9300
2025.3294 2031.8800
2025.4155 2072.1800
2025.4961 2064.0800
2025.5821 2151.3400
2025.6655 2502.2900
2025.7461 2375.6000
2025.8321 2428.1000
2025.9127 2450.2000
2025.9988 2425.8300
2026.0821 2586.6800
2026.1573 2503.0300
2026.2488 2371.9900
2026.3294 2399.7400
2026.4155 2175.9300
2026.4961 1953.4600
2026.5821 2079.0200
2026.6655 2379.1900
2026.7461 2355.2300
