# 申万生猪养殖指数 月度收盘
2021.9988 7267.8900
2022.0821 7437.7900
2022.1573 7469.9600
2022.2488 8060.0000
2022.3294 6939.9400
2022.4155 6839.5600
2022.4961 7582.5700
2022.5821 8286.8400
2022.6655 8166.8200
2022.7461 7271.6400
2022.8321 6346.5200
2022.9127 6518.7400
2022.9988 6755.2300
2023.0821 6885.7500
2023.1573 6843.9800
2023.2488 6943.3500
2023.3294 6719.2200
2023.4155 5721.0700
2023.4961 6095.4800
2023.5821 6386.8400
2023.6655 5739.0400
2023.7461 5627.5800
2023.8321 5791.8100
2023.9127 5937.5300
2023.9988 6148.9300
2024.0821 5490.9000
2024.16 5774.5600
2024.2488 6098.6300
2024.3294 6094.9800
2024.4155 6674.8100
2024.4961 6084.1600
2024.5821 6077.1500
2024.6655 5360.8200
2024.7461 6340.5200
2024.8321 5986.0000
2024.9127 5735.6500
2024.9988 5383.4900
2025.0821 5213.4900
2025.1573 5221.5000
2025.2488 5409.9800
2025.3294 5518.0300
2025.4155 5534.2300
2025.4961 5648.7500
2025.5821 5951.5600
2025.6655 6544.1300
2025.7461 6472.1700
2025.8321 6271.3800
2025.9127 6284.3000
2025.9988 6165.8100
2026.0821 5772.9800
2026.1573 5818.6900
2026.2488 5554.0400
2026.3294 5762.2900
2026.4155 4928.2000
2026.4961 4489.7800
2026.5821 4985.3200
2026.6655 5249.0800
2026.7461 5114.8700
