# 申万渔业指数 月度收盘
1999.9988 1000.0000
2000.0821 1025.5600
2000.16 1114.5200
2000.2488 1236.2000
2000.3294 1266.8700
2000.4155 1287.3200
2000.4961 1379.2100
2000.5821 1444.7400
2000.6655 1365.9400
2000.7461 1296.6900
2000.8321 1336.3400
2000.9127 1376.0100
2000.9988 1471.6800
2001.0821 1438.6700
2001.1573 1355.0000
2001.2488 1430.3700
2001.3294 1396.0400
2001.4155 1518.0600
2001.4961 1595.8300
2001.5821 1331.8100
2001.6655 1329.6100
2001.7461 1250.4800
2001.8321 1161.6400
2001.9127 1212.9200
2001.9988 1191.8100
2002.0821 958.0900
2002.1573 997.2300
2002.2488 1093.7400
2002.3294 1152.5000
2002.4155 1057.9700
2002.4961 1164.0700
2002.5821 1108.1300
2002.6655 1167.2100
2002.7461 1130.9100
2002.8321 1048.2600
2002.9127 978.0800
2002.9988 919.6300
2003.0821 989.9900
2003.1573 979.8700
2003.2488 953.7900
2003.3294 892.4100
2003.4155 891.4900
2003.4961 851.3400
2003.5821 764.2000
2003.6655 731.0600
2003.7461 647.7800
2003.8321 570.9100
2003.9127 581.1600
2003.9988 535.3400
2004.0821 613.9400
2004.16 669.7300
2004.2488 691.8500
2004.3294 624.0800
2004.4155 596.8800
2004.4961 504.1000
2004.5821 490.9100
2004.6655 475.6700
2004.7461 493.7900
2004.8321 461.0100
2004.9127 487.7400
2004.9988 425.8400
2005.0821 399.2600
2005.1573 437.8500
2005.2488 373.1500
2005.3294 380.3700
2005.4155 363.2500
2005.4961 366.9700
2005.5821 332.9200
2005.6655 370.4200
2005.7461 374.2200
2005.8321 337.4800
2005.9127 334.9000
2005.9988 333.9400
2006.0821 350.6000
2006.1573 364.8700
2006.2488 355.1800
2006.3294 350.1500
2006.4155 455.1400
2006.4961 499.1000
2006.5821 551.6700
2006.6655 572.9200
2006.7461 656.1200
2006.8321 625.3800
2006.9127 650.8500
2006.9988 707.3000
2007.0821 843.6300
2007.1573 955.6100
2007.2488 1012.9000
2007.3294 1165.7900
2007.4155 1310.6100
2007.4961 1070.2800
2007.5821 1318.9000
2007.6655 1551.0100
2007.7461 1470.9900
2007.8321 1355.1600
2007.9127 1274.5300
2007.9988 1644.7100
2008.0821 1734.1300
2008.16 1780.0900
2008.2488 1317.8800
2008.3294 1300.4500
2008.4155 1170.4500
2008.4961 818.0900
2008.5821 986.9400
2008.6655 775.8400
2008.7461 673.2500
2008.8321 516.6500
2008.9127 595.2700
2008.9988 609.1300
2009.0821 668.2600
2009.1573 728.8900
2009.2488 836.9000
2009.3294 856.5400
2009.4155 871.5100
2009.4961 910.0800
2009.5821 1056.8300
2009.6655 938.5300
2009.7461 935.2100
2009.8321 1041.0700
2009.9127 1295.1500
2009.9988 1351.0700
2010.0821 1346.0100
2010.1573 1471.1800
2010.2488 1549.9600
2010.3294 1577.0800
2010.4155 1406.1900
2010.4961 1350.5200
2010.5821 1556.4400
2010.6655 1926.5200
2010.7461 2062.6900
2010.8321 2123.7900
2010.9127 2100.1200
2010.9988 2033.0700
2011.0821 1852.1800
2011.1573 2021.8100
2011.2488 1854.5700
2011.3294 1820.2900
2011.4155 1780.3600
2011.4961 1759.6300
2011.5821 1957.5400
2011.6655 1962.2400
2011.7461 1692.4200
2011.8321 1818.6700
2011.9127 1846.2200
2011.9988 1506.0900
2012.0821 1428.0200
2012.16 1603.7400
2012.2488 1473.9800
2012.3294 1514.7400
2012.4155 1498.7500
2012.4961 1424.2400
2012.5821 1455.8000
2012.6655 1348.1900
2012.7461 1383.5000
2012.8321 1372.4800
2012.9127 1160.1500
2012.9988 1337.2600
2013.0821 1370.3200
2013.1573 1366.1700
2013.2488 1322.3600
2013.3294 1249.0600
2013.4155 1304.1700
2013.4961 1045.9300
2013.5821 1037.2000
2013.6655 1184.9500
2013.7461 1181.0600
2013.8321 1225.6700
2013.9127 1311.0300
2013.9988 1242.3900
2014.0821 1187.1700
2014.1573 1184.8300
2014.2488 1159.0000
2014.3294 1152.9900
2014.4155 1172.3600
2014.4961 1198.8700
2014.5821 1260.3600
2014.6655 1327.8600
2014.7461 1478.4300
2014.8321 1457.4100
2014.9127 1481.5600
2014.9988 1332.8000
2015.0821 1444.9000
2015.1573 1505.1100
2015.2488 1779.0800
2015.3294 2087.7000
2015.4155 2722.6600
2015.4961 2558.6600
2015.5821 2200.4000
2015.6655 1975.9500
2015.7461 1744.0700
2015.8321 2029.9500
2015.9127 2247.2900
2015.9988 2362.2800
2016.0821 1543.5700
2016.16 1451.5200
2016.2488 1719.9200
2016.3294 1701.7300
2016.4155 1624.1400
2016.4961 1654.7800
2016.5821 1655.3000
2016.6655 1782.4600
2016.7461 1779.1000
2016.8321 1907.7800
2016.9127 1992.1300
2016.9988 1981.6500
2017.0821 1980.6000
2017.1573 1970.0400
2017.2488 1909.1200
2017.3294 1731.1800
2017.4155 1631.2000
2017.4961 1702.3600
2017.5821 1638.1700
2017.6655 1655.9300
2017.7461 1637.5300
2017.8321 1688.4800
2017.9127 1575.0300
2017.9988 1555.7600
2018.0821 1583.1100
2018.1573 1457.4200
2018.2488 1402.2800
2018.3294 1342.7500
2018.4155 1386.0600
2018.4961 1109.3600
2018.5821 1079.7700
2018.6655 1029.6800
2018.7461 950.5600
2018.8321 891.2800
2018.9127 957.6200
2018.9988 898.0000
2019.0821 862.1500
2019.1573 1038.6100
2019.2488 1095.7500
2019.3294 996.4300
2019.4155 917.2900
2019.4961 865.7000
2019.5821 819.5400
2019.6655 796.6600
2019.7461 793.9500
2019.8321 828.9100
2019.9127 774.8600
2019.9988 807.6700
2020.0821 760.8900
2020.16 715.3300
2020.2488 806.8700
2020.3294 726.4200
2020.4155 725.7400
2020.4961 728.3400
2020.5821 981.1500
2020.6655 930.0300
2020.7461 830.4600
2020.8321 754.0000
2020.9127 905.4900
2020.9988 917.3700
2021.0821 774.8900
2021.1573 813.6100
2021.2488 800.5600
2021.3294 797.2700
2021.4155 897.0100
2021.4961 883.5600
2021.5821 791.3800
2021.6655 829.6900
2021.7461 839.4300
2021.8321 799.5100
2021.9127 824.5400
2021.9988 942.6300
2022.0821 918.4200
2022.1573 933.1200
2022.2488 1068.2400
2022.3294 788.2800
2022.4155 892.2200
2022.4961 864.0400
2022.5821 888.8700
2022.6655 938.8800
2022.7461 792.5800
2022.8321 793.0800
2022.9127 896.8800
2022.9988 950.0200
2023.0821 893.7600
2023.1573 953.8000
2023.2488 891.8800
2023.3294 867.4800
2023.4155 840.1700
2023.4961 886.1800
2023.5821 946.8600
2023.6655 1062.9700
2023.7461 921.0800
2023.8321 846.3400
2023.9127 969.0500
2023.9988 866.5100
2024.0821 753.1000
2024.16 697.3200
2024.2488 794.4300
2024.3294 685.3400
2024.4155 647.9600
2024.4961 532.0700
2024.5821 553.1000
2024.6655 564.0400
2024.7461 695.2300
2024.8321 713.1900
2024.9127 828.8500
2024.9988 741.8700
2025.0821 703.6600
2025.1573 710.5700
2025.2488 712.9200
2025.3294 700.5600
2025.4155 741.3700
2025.4961 754.8800
2025.5821 805.2500
2025.6655 798.3700
2025.7461 773.8100
2025.8321 780.3700
2025.9127 894.9600
2025.9988 834.0500
2026.0821 917.9100
2026.1573 905.6300
2026.2488 801.2000
2026.3294 781.4200
2026.4155 707.3800
2026.4961 593.5400
2026.5821 661.5700
2026.6655 752.4300
2026.7461 736.6800
