# 申万其他农产品加工指数 月度收盘
2011.8321 1935.0100
2011.9127 1924.6100
2011.9988 1691.8300
2012.0821 1625.9400
2012.16 1780.7600
2012.2488 1623.0500
2012.3294 1692.7800
2012.4155 1704.1900
2012.4961 1535.9300
2012.5821 1380.3200
2012.6655 1396.7000
2012.7461 1351.8700
2012.8321 1282.0600
2012.9127 1125.5200
2012.9988 1293.8100
2013.0821 1356.7700
2013.1573 1400.4600
2013.2488 1361.1600
2013.3294 1266.1900
2013.4155 1458.4900
2013.4961 1244.1700
2013.5821 1213.0300
2013.6655 1278.4300
2013.7461 1371.5800
2013.8321 1341.2000
2013.9127 1427.2400
2013.9988 1455.9900
2014.0821 1329.7000
2014.1573 1346.1500
2014.2488 1303.7800
2014.3294 1219.7700
2014.4155 1264.7600
2014.4961 1310.7800
2014.5821 1472.8000
2014.6655 1484.6500
2014.7461 1703.3800
2014.8321 1677.9900
2014.9127 1802.1600
2014.9988 1773.9900
2015.0821 1851.1800
2015.1573 1976.5800
2015.2488 2377.5800
2015.3294 3060.0600
2015.4155 3807.9100
2015.4961 3553.1800
2015.5821 3276.6500
2015.6655 3115.4900
2015.7461 2745.2000
2015.8321 3178.1900
2015.9127 3332.7500
2015.9988 3512.7900
2016.0821 2655.6500
2016.16 2754.5000
2016.2488 3146.5800
2016.3294 3148.6100
2016.4155 2968.3900
2016.4961 3177.7600
2016.5821 3145.7400
2016.6655 3228.9000
2016.7461 3079.5200
2016.8321 3201.1800
2016.9127 3354.1000
2016.9988 3473.1700
2017.0821 3298.8400
2017.1573 3448.7700
2017.2488 3326.6700
2017.3294 3195.0600
2017.4155 3029.7600
2017.4961 3164.8700
2017.5821 3206.2000
2017.6655 3270.7600
2017.7461 3308.8000
2017.8321 3279.4500
2017.9127 3161.8500
2017.9988 3071.4400
2018.0821 3077.4600
2018.1573 2908.8700
2018.2488 3037.7600
2018.3294 2933.0100
2018.4155 2909.7600
2018.4961 2618.7300
2018.5821 2460.4000
2018.6655 2192.3800
2018.7461 2200.4500
2018.8321 1939.3100
2018.9127 2024.0300
2018.9988 2037.6900
2019.0821 1991.1300
2019.1573 2325.0700
2019.2488 2459.1400
2019.3294 2453.8100
2019.4155 2326.9900
2019.4961 2367.1200
2019.5821 2357.4800
2019.6655 2233.5000
2019.7461 2171.6900
2019.8321 2221.6200
2019.9127 2139.6000
2019.9988 2241.5600
2020.0821 2146.1800
2020.16 2185.7000
2020.2488 2483.8900
2020.3294 2477.0000
2020.4155 2523.4500
2020.4961 2742.9200
2020.5821 3498.6500
2020.6655 3817.0000
2020.7461 3310.8000
2020.8321 3049.3600
2020.9127 3011.3400
2020.9988 3136.9200
2021.0821 3281.0000
2021.1573 3251.8800
2021.2488 3201.4700
2021.3294 3308.3700
2021.4155 3658.2200
2021.4961 3343.6800
2021.5821 3060.1300
2021.6655 3112.7100
2021.7461 3282.6300
2021.8321 3417.3300
2021.9127 3636.1500
2021.9988 3598.4200
2022.0821 3250.3700
2022.1573 3446.1500
2022.2488 3463.3700
2022.3294 3035.2000
2022.4155 3532.7900
2022.4961 3319.3300
2022.5821 3195.9300
2022.6655 3300.7600
2022.7461 2927.3800
2022.8321 2799.0000
2022.9127 3048.1900
2022.9988 3122.9600
2023.0821 3122.4800
2023.1573 3175.0900
2023.2488 3158.0900
2023.3294 3166.5300
2023.4155 3017.8100
2023.4961 3048.2000
2023.5821 3054.6600
2023.6655 2874.3100
2023.7461 2775.7100
2023.8321 2739.4100
2023.9127 2793.7900
2023.9988 2646.4100
2024.0821 2358.9200
2024.16 2523.2100
2024.2488 2504.9400
2024.3294 2509.0300
2024.4155 2502.5400
2024.4961 2236.7400
2024.5821 2215.3500
2024.6655 2095.4300
2024.7461 2552.6900
2024.8321 2491.6800
2024.9127 2571.8200
2024.9988 2541.2500
2025.0821 2471.3100
2025.1573 2461.0200
2025.2488 2517.7800
2025.3294 2594.9500
2025.4155 2669.1500
2025.4961 2730.4200
2025.5821 2796.4700
2025.6655 3477.4700
2025.7461 3309.4700
2025.8321 3343.5000
2025.9127 3510.7700
2025.9988 3476.3600
2026.0821 3703.3000
2026.1573 3558.4100
2026.2488 3264.2900
2026.3294 3305.4600
2026.4155 2900.7400
2026.4961 2558.3200
2026.5821 2738.9700
2026.6655 3064.5600
2026.7461 3004.3500
