# 申万水产养殖指数 月度收盘
2000.4961 978.5300
2000.5821 972.4600
2000.6655 982.0000
2000.7461 930.0500
2000.8321 954.2700
2000.9127 971.2900
2000.9988 1044.5900
2001.0821 998.3200
2001.1573 927.0400
2001.2488 980.6600
2001.3294 970.3800
2001.4155 1042.4400
2001.4961 1102.7000
2001.5821 931.4800
2001.6655 941.0000
2001.7461 887.9200
2001.8321 825.8100
2001.9127 855.9100
2001.9988 858.3000
2002.0821 710.2800
2002.1573 735.1400
2002.2488 798.2300
2002.3294 829.2300
2002.4155 782.0600
2002.4961 827.7600
2002.5821 798.7200
2002.6655 852.6100
2002.7461 825.4000
2002.8321 773.4200
2002.9127 727.4600
2002.9988 684.9600
2003.0821 732.7400
2003.1573 721.1800
2003.2488 702.6900
2003.3294 658.1500
2003.4155 655.4300
2003.4961 626.7700
2003.5821 543.6100
2003.6655 524.0100
2003.7461 472.8500
2003.8321 423.3900
2003.9127 431.8000
2003.9988 391.7100
2004.0821 445.7900
2004.16 493.3000
2004.2488 510.3300
2004.3294 457.3800
2004.4155 438.0800
2004.4961 368.1100
2004.5821 358.8800
2004.6655 346.9700
2004.7461 360.5600
2004.8321 338.1100
2004.9127 360.6100
2004.9988 314.2800
2005.0821 295.5500
2005.1573 323.5500
2005.2488 275.8800
2005.3294 283.4600
2005.4155 267.7500
2005.4961 272.0500
2005.5821 248.1100
2005.6655 275.2100
2005.7461 276.7200
2005.8321 247.9500
2005.9127 244.7800
2005.9988 243.6900
2006.0821 257.7500
2006.1573 266.2300
2006.2488 257.6100
2006.3294 245.0600
2006.4155 325.0800
2006.4961 349.5300
2006.5821 395.9500
2006.6655 414.2700
2006.7461 478.8200
2006.8321 454.0900
2006.9127 473.8500
2006.9988 518.4400
2007.0821 617.0200
2007.1573 687.4100
2007.2488 723.2300
2007.3294 792.4000
2007.4155 913.1800
2007.4961 765.0600
2007.5821 933.7800
2007.6655 1104.4500
2007.7461 1035.7400
2007.8321 959.3900
2007.9127 907.7900
2007.9988 1175.5200
2008.0821 1243.6900
2008.16 1262.9800
2008.2488 934.0600
2008.3294 934.9500
2008.4155 829.9100
2008.4961 582.1600
2008.5821 687.7200
2008.6655 542.4000
2008.7461 464.8400
2008.8321 355.1500
2008.9127 410.5800
2008.9988 420.6900
2009.0821 462.9500
2009.1573 502.4600
2009.2488 577.3600
2009.3294 592.3500
2009.4155 606.2100
2009.4961 625.2000
2009.5821 734.1800
2009.6655 654.3000
2009.7461 652.8400
2009.8321 727.5200
2009.9127 908.5800
2009.9988 950.1600
2010.0821 946.5000
2010.1573 1035.4800
2010.2488 1093.7500
2010.3294 1112.5800
2010.4155 995.4100
2010.4961 959.3600
2010.5821 1104.8700
2010.6655 1394.9400
2010.7461 1513.4200
2010.8321 1525.1000
2010.9127 1525.0900
2010.9988 1480.9500
2011.0821 1337.4900
2011.1573 1451.5000
2011.2488 1324.3800
2011.3294 1295.6100
2011.4155 1239.7700
2011.4961 1250.1500
2011.5821 1379.8500
2011.6655 1408.9500
2011.7461 1224.2600
2011.8321 1322.0100
2011.9127 1352.0700
2011.9988 1105.3200
2012.0821 1037.6200
2012.16 1164.0900
2012.2488 1077.0100
2012.3294 1089.1300
2012.4155 1082.3300
2012.4961 1026.2500
2012.5821 1051.2600
2012.6655 964.0800
2012.7461 989.6400
2012.8321 975.5200
2012.9127 811.0000
2012.9988 939.4100
2013.0821 965.3600
2013.1573 951.4800
2013.2488 911.8300
2013.3294 867.3300
2013.4155 909.4300
2013.4961 729.6800
2013.5821 723.1700
2013.6655 826.3100
2013.7461 830.0300
2013.8321 869.3300
2013.9127 923.0800
2013.9988 872.6200
2014.0821 838.0400
2014.1573 836.3100
2014.2488 810.3300
2014.3294 809.5800
2014.4155 826.2400
2014.4961 849.8300
2014.5821 895.9600
2014.6655 924.5900
2014.7461 1031.7200
2014.8321 1009.8500
2014.9127 1018.7300
2014.9988 915.8400
2015.0821 991.7300
2015.1573 1038.9000
2015.2488 1226.0900
2015.3294 1452.4500
2015.4155 1908.5800
2015.4961 1753.5600
2015.5821 1494.7200
2015.6655 1336.6900
2015.7461 1153.0300
2015.8321 1367.7300
2015.9127 1583.9500
2015.9988 1670.7100
2016.0821 1076.4100
2016.16 1008.0500
2016.2488 1200.4800
2016.3294 1180.0600
2016.4155 1101.8300
2016.4961 1145.4400
2016.5821 1134.9900
2016.6655 1238.6300
2016.7461 1240.4700
2016.8321 1338.5100
2016.9127 1384.7600
2016.9988 1373.4100
2017.0821 1356.6900
2017.1573 1361.6700
2017.2488 1330.6300
2017.3294 1198.7200
2017.4155 1137.5500
2017.4961 1187.3700
2017.5821 1137.1400
2017.6655 1149.0500
2017.7461 1138.5800
2017.8321 1174.9900
2017.9127 1096.7000
2017.9988 1083.5500
2018.0821 1106.9600
2018.1573 1019.7900
2018.2488 976.9600
2018.3294 940.2800
2018.4155 966.4500
2018.4961 774.9100
2018.5821 749.5000
2018.6655 718.1300
2018.7461 657.3100
2018.8321 619.6700
2018.9127 665.4600
2018.9988 619.4400
2019.0821 590.9700
2019.1573 713.6700
2019.2488 748.5600
2019.3294 685.8200
2019.4155 626.3400
2019.4961 586.9200
2019.5821 552.9200
2019.6655 537.6600
2019.7461 531.1700
2019.8321 557.6300
2019.9127 521.1700
2019.9988 542.2800
2020.0821 510.0400
2020.16 479.5800
2020.2488 539.8100
2020.3294 485.2200
2020.4155 481.3100
2020.4961 485.6200
2020.5821 655.5900
2020.6655 627.1500
2020.7461 562.2600
2020.8321 506.6900
2020.9127 611.0200
2020.9988 589.9000
2021.0821 505.7800
2021.1573 527.5400
2021.2488 518.7700
2021.3294 524.2200
2021.4155 593.4700
2021.4961 594.6100
2021.5821 531.4100
2021.6655 545.5200
2021.7461 550.2500
2021.8321 530.8500
2021.9127 548.1100
2021.9988 629.0100
2022.0821 622.0700
2022.1573 626.1500
2022.2488 710.8500
2022.3294 522.9700
2022.4155 569.0300
2022.4961 566.1100
2022.5821 579.4000
2022.6655 603.9600
2022.7461 514.2400
2022.8321 513.8100
2022.9127 577.2200
2022.9988 617.1700
2023.0821 578.8200
2023.1573 611.7400
2023.2488 564.6100
2023.3294 540.3500
2023.4155 538.8000
2023.4961 574.1800
2023.5821 616.0800
2023.6655 707.2800
2023.7461 609.8700
2023.8321 554.4400
2023.9127 641.9800
2023.9988 562.8400
2024.0821 468.7600
2024.16 455.6100
2024.2488 524.4400
2024.3294 444.4100
2024.4155 417.4700
2024.4961 335.9000
2024.5821 348.3700
2024.6655 358.4000
2024.7461 448.4200
2024.8321 460.7200
2024.9127 545.4700
2024.9988 478.5100
2025.0821 456.9400
2025.1573 464.7000
2025.2488 463.2000
2025.3294 453.2500
2025.4155 480.6600
2025.4961 487.0300
2025.5821 517.5100
2025.6655 511.7500
2025.7461 494.8300
2025.8321 496.0800
2025.9127 547.3100
2025.9988 517.9400
2026.0821 572.4800
2026.1573 557.4600
2026.2488 499.0700
2026.3294 492.1200
2026.4155 448.7800
2026.4961 375.1800
2026.5821 421.8900
2026.6655 474.5000
2026.7461 458.2500
