# 申万其他种植业指数 月度收盘
1999.9988 1000.0000
2000.0821 995.0700
2000.16 1152.9000
2000.2488 1411.8400
2000.3294 1263.8700
2000.4155 1274.2300
2000.4961 1494.1900
2000.5821 1561.1900
2000.6655 1602.9000
2000.7461 1419.6100
2000.8321 1509.3600
2000.9127 1613.0200
2000.9988 1693.9200
2001.0821 1704.0300
2001.1573 1628.1900
2001.2488 1733.1100
2001.3294 1693.9200
2001.4155 1745.4500
2001.4961 2046.8800
2001.5821 1545.7800
2001.6655 1567.6800
2001.7461 1484.3300
2001.8321 1294.5900
2001.9127 1457.2200
2001.9988 1347.5100
2002.0821 1011.9300
2002.1573 1059.6800
2002.2488 1133.2500
2002.3294 1121.8000
2002.4155 999.9700
2002.4961 1182.6900
2002.5821 1084.1500
2002.6655 1086.4300
2002.7461 1011.1000
2002.8321 1016.5300
2002.9127 944.1100
2002.9988 843.3000
2003.0821 956.8800
2003.1573 957.5500
2003.2488 961.3300
2003.3294 966.6800
2003.4155 969.5800
2003.4961 910.5500
2003.5821 882.9300
2003.6655 862.5200
2003.7461 866.6700
2003.8321 958.1500
2003.9127 964.5500
2003.9988 994.1800
2004.0821 1061.3000
2004.16 1069.1800
2004.2488 1140.3400
2004.3294 973.9600
2004.4155 963.9200
2004.4961 811.1400
2004.5821 804.1600
2004.6655 823.0300
2004.7461 906.9900
2004.8321 850.2600
2004.9127 834.6000
2004.9988 761.0300
2005.0821 702.8300
2005.1573 789.2500
2005.2488 682.1700
2005.3294 664.3800
2005.4155 574.9200
2005.4961 615.1100
2005.5821 564.5900
2005.6655 648.1100
2005.7461 660.1800
2005.8321 592.8800
2005.9127 581.8200
2005.9988 609.2900
2006.0821 644.9200
2006.1573 728.7500
2006.2488 657.6700
2006.3294 765.3900
2006.4155 928.0500
2006.4961 1033.0900
2006.5821 928.8400
2006.6655 957.2900
2006.7461 1044.1600
2006.8321 984.0800
2006.9127 1056.5100
2006.9988 1144.6000
2007.0821 1369.7500
2007.1573 1599.4800
2007.2488 1711.8600
2007.3294 2100.9200
2007.4155 2242.4100
2007.4961 1682.2300
2007.5821 2160.6700
2007.6655 2307.0800
2007.7461 2711.5300
2007.8321 2443.8500
2007.9127 2306.0100
2007.9988 2932.0500
2008.0821 3731.3700
2008.16 4388.7200
2008.2488 3550.0200
2008.3294 4393.8900
2008.4155 3903.6800
2008.4961 3105.6500
2008.5821 3162.7000
2008.6655 1953.8200
2008.7461 2030.2100
2008.8321 1705.2400
2008.9127 2202.1100
2008.9988 2171.9900
2009.0821 2556.7700
2009.1573 2667.8800
2009.2488 2729.9800
2009.3294 2641.9100
2009.4155 2546.1300
2009.4961 2620.3200
2009.5821 2794.7500
2009.6655 2610.5600
2009.7461 2520.9900
2009.8321 2832.6600
2009.9127 3239.9200
2009.9988 3361.9300
2010.0821 3154.7800
2010.1573 3136.8400
2010.2488 3050.4200
2010.3294 2772.1200
2010.4155 2921.7200
2010.4961 2481.8100
2010.5821 2772.7800
2010.6655 3049.1200
2010.7461 3023.0800
2010.8321 3324.8000
2010.9127 3004.3800
2010.9988 2968.9400
2011.0821 3118.9100
2011.1573 3576.3000
2011.2488 3199.5000
2011.3294 3004.8100
2011.4155 2998.7000
2011.4961 3076.2800
2011.5821 2949.1600
2011.6655 2714.0100
2011.7461 2321.7500
2011.8321 2320.1900
2011.9127 2309.9800
2011.9988 1962.9000
2012.0821 2023.0100
2012.16 2282.6300
2012.2488 2061.1400
2012.3294 2282.0100
2012.4155 2169.1300
2012.4961 1967.6900
2012.5821 1852.6600
2012.6655 1850.0300
2012.7461 1881.5500
2012.8321 1850.3100
2012.9127 1777.5500
2012.9988 2105.3500
2013.0821 2244.5900
2013.1573 2198.5900
2013.2488 2037.4400
2013.3294 1954.6400
2013.4155 2252.7500
2013.4961 1862.9500
2013.5821 1937.9800
2013.6655 2117.5300
2013.7461 2834.1400
2013.8321 2885.9300
2013.9127 2993.2200
2013.9988 2565.8900
2014.0821 2360.6400
2014.1573 2461.3800
2014.2488 2272.9700
2014.3294 1992.3400
2014.4155 2022.1400
2014.4961 2007.3300
2014.5821 2214.1000
2014.6655 2333.3400
2014.7461 2916.0600
2014.8321 2707.7800
2014.9127 3088.9600
2014.9988 3044.3300
2015.0821 3284.5500
2015.1573 3080.1300
2015.2488 3478.8100
2015.3294 3992.0500
2015.4155 4136.2600
2015.4961 3687.6500
2015.5821 2771.9000
2015.6655 2595.3300
2015.7461 2586.5500
2015.8321 2675.6800
2015.9127 2698.6500
2015.9988 2787.9500
2016.0821 1896.5800
2016.16 1808.7200
2016.2488 2219.3000
2016.3294 2193.5400
2016.4155 2104.2100
2016.4961 2138.4200
2016.5821 2157.1000
2016.6655 2247.1800
2016.7461 2228.7800
2016.8321 2348.6700
2016.9127 2565.4800
2016.9988 2624.5900
2017.0821 2533.2800
2017.1573 2532.7000
2017.2488 2418.3300
2017.3294 2041.1100
2017.4155 1798.4500
2017.4961 1900.6200
2017.5821 2010.5900
2017.6655 2066.2900
2017.7461 2061.5400
2017.8321 1986.6900
2017.9127 1764.4800
2017.9988 1771.4100
2018.0821 1780.2400
2018.1573 1729.4800
2018.2488 1798.0800
2018.3294 1620.3900
2018.4155 1802.2300
2018.4961 1680.2700
2018.5821 1710.5700
2018.6655 1650.2200
2018.7461 1640.9900
2018.8321 1530.3300
2018.9127 1394.8800
2018.9988 1285.4600
2019.0821 1261.9400
2019.1573 1507.7900
2019.2488 1687.0700
2019.3294 1521.8600
2019.4155 1616.1000
2019.4961 1652.0600
2019.5821 1537.3600
2019.6655 1453.3300
2019.7461 1399.8100
2019.8321 1380.0200
2019.9127 1359.5100
2019.9988 1424.3200
2020.0821 1376.5300
2020.16 1296.1100
2020.2488 1654.3000
2020.3294 1530.5100
2020.4155 1716.0600
2020.4961 1580.5600
2020.5821 1749.0100
2020.6655 1790.8100
2020.7461 1581.7700
2020.8321 1570.1900
2020.9127 1630.3300
2020.9988 1621.9900
2021.0821 1519.7700
2021.1573 1550.6400
2021.2488 1601.5100
2021.3294 1467.7500
2021.4155 1532.2800
2021.4961 1478.7300
2021.5821 1457.2200
2021.6655 1497.1600
2021.7461 1590.1800
2021.8321 1587.3900
2021.9127 1619.3500
2021.9988 1670.6200
2022.0821 1519.2400
2022.1573 1620.6400
2022.2488 1655.4700
2022.3294 1433.4500
2022.4155 1665.1900
2022.4961 1563.4200
2022.5821 1504.9200
2022.6655 1544.5500
2022.7461 1394.7800
2022.8321 1349.4300
2022.9127 1468.6200
2022.9988 1462.9200
2023.0821 1491.0300
2023.1573 1517.5000
2023.2488 1473.2200
2023.3294 1464.9000
2023.4155 1417.7100
2023.4961 1432.1200
2023.5821 1538.1200
2023.6655 1501.5300
2023.7461 1502.0100
2023.8321 1442.0200
2023.9127 1427.3800
2023.9988 1370.2600
2024.0821 1265.7800
2024.16 1324.2700
2024.2488 1413.1300
2024.3294 1321.3200
2024.4155 1370.1300
2024.4961 1222.3700
2024.5821 1223.5700
2024.6655 1278.1200
2024.7461 1535.1500
2024.8321 1569.9600
2024.9127 1593.6400
2024.9988 1479.6000
2025.0821 1431.8700
2025.1573 1448.9500
2025.2488 1405.2700
2025.3294 1390.5200
2025.4155 1504.9800
2025.4961 1510.1600
2025.5821 1593.9900
2025.6655 1699.8700
2025.7461 1735.1500
2025.8321 1758.1000
2025.9127 1748.5600
2025.9988 1692.4700
2026.0821 1971.4800
2026.1573 2060.0200
2026.2488 1864.2200
2026.3294 2036.3300
2026.4155 1717.6900
2026.4961 1415.7000
2026.5821 1522.9600
2026.6655 1823.3500
2026.7461 1858.3700
