# 申万养殖业指数 月度收盘
2011.8321 2003.7900
2011.9127 1967.7800
2011.9988 1678.0000
2012.0821 1725.8100
2012.16 1900.9900
2012.2488 1810.4500
2012.3294 1973.7700
2012.4155 1984.9800
2012.4961 1888.2100
2012.5821 1747.1000
2012.6655 1658.3800
2012.7461 1697.6600
2012.8321 1564.3200
2012.9127 1371.5000
2012.9988 1713.8400
2013.0821 1852.6700
2013.1573 1849.1400
2013.2488 1706.3800
2013.3294 1670.7800
2013.4155 1891.0400
2013.4961 1522.4700
2013.5821 1635.8500
2013.6655 1770.4700
2013.7461 1869.9200
2013.8321 1859.3600
2013.9127 2021.2000
2013.9988 1846.1000
2014.0821 1707.2200
2014.1573 1762.3200
2014.2488 1720.1000
2014.3294 1809.4100
2014.4155 1836.4800
2014.4961 1921.3600
2014.5821 2115.5000
2014.6655 2237.8800
2014.7461 2516.2800
2014.8321 2480.7900
2014.9127 2518.1400
2014.9988 2322.5500
2015.0821 2505.1700
2015.1573 2566.3700
2015.2488 3213.3200
2015.3294 3402.6600
2015.4155 3947.8300
2015.4961 3881.1000
2015.5821 3686.4900
2015.6655 2768.3400
2015.7461 2555.3400
2015.8321 2987.4900
2015.9127 3387.3200
2015.9988 3484.4900
2016.0821 2837.2700
2016.16 3208.8800
2016.2488 3674.7500
2016.3294 3346.4700
2016.4155 3448.9100
2016.4961 3443.1500
2016.5821 3570.1200
2016.6655 3563.0500
2016.7461 3350.2200
2016.8321 3418.1100
2016.9127 3463.1600
2016.9988 3401.1000
2017.0821 3340.7800
2017.1573 3324.0300
2017.2488 3201.9400
2017.3294 3082.6300
2017.4155 2747.0800
2017.4961 2759.1300
2017.5821 2621.3500
2017.6655 2914.7900
2017.7461 2730.6100
2017.8321 3083.9600
2017.9127 2942.0300
2017.9988 2952.5800
2018.0821 3008.8300
2018.1573 2708.4800
2018.2488 2615.1900
2018.3294 2572.7600
2018.4155 2990.5600
2018.4961 2678.2400
2018.5821 2841.0300
2018.6655 2531.0800
2018.7461 2661.2100
2018.8321 2672.1700
2018.9127 2815.0800
2018.9988 2860.8800
2019.0821 3119.5400
2019.1573 3809.0800
2019.2488 4659.0100
2019.3294 4801.4900
2019.4155 4572.0400
2019.4961 4168.2700
2019.5821 4799.6900
2019.6655 4907.7800
2019.7461 4379.1000
2019.8321 5103.4700
2019.9127 4506.9600
2019.9988 4404.2400
2020.0821 4161.4600
2020.16 4628.8600
2020.2488 4775.3000
2020.3294 4589.8000
2020.4155 4287.8400
2020.4961 4550.7600
2020.5821 4977.6600
2020.6655 4997.7700
2020.7461 4100.4800
2020.8321 3929.8300
2020.9127 4180.1600
2020.9988 4069.1900
2021.0821 4249.1600
2021.1573 4991.4100
2021.2488 4504.5500
2021.3294 4628.2200
2021.4155 3965.4000
2021.4961 3877.3400
2021.5821 3007.0300
2021.6655 3028.7700
2021.7461 3561.1800
2021.8321 3884.5700
2021.9127 3672.6100
2021.9988 3972.1100
2022.0821 3973.0700
2022.1573 3985.6100
2022.2488 4256.8300
2022.3294 3664.0900
2022.4155 3653.3500
2022.4961 4027.9300
2022.5821 4365.9000
2022.6655 4328.9100
2022.7461 3841.4900
2022.8321 3437.4000
2022.9127 3593.5900
2022.9988 3679.6600
2023.0821 3776.2300
2023.1573 3768.4200
2023.2488 3804.3700
2023.3294 3653.1400
2023.4155 3139.8900
2023.4961 3299.9200
2023.5821 3482.2500
2023.6655 3123.9900
2023.7461 3055.6600
2023.8321 3110.6800
2023.9127 3195.0900
2023.9988 3276.4500
2024.0821 2906.1500
2024.16 3052.8900
2024.2488 3207.5300
2024.3294 3180.2500
2024.4155 3451.7300
2024.4961 3119.7200
2024.5821 3120.6200
2024.6655 2760.9100
2024.7461 3263.0600
2024.8321 3093.9600
2024.9127 2989.9900
2024.9988 2818.0600
2025.0821 2723.4100
2025.1573 2723.8800
2025.2488 2835.4900
2025.3294 2880.2000
2025.4155 2887.6800
2025.4961 2932.9200
2025.5821 3097.3200
2025.6655 3388.5900
2025.7461 3357.3100
2025.8321 3260.4500
2025.9127 3265.4600
2025.9988 3196.9900
2026.0821 3035.2900
2026.1573 3066.1800
2026.2488 2913.3900
2026.3294 3035.9000
2026.4155 2615.7600
2026.4961 2371.8300
2026.5821 2635.9200
2026.6655 2780.6200
2026.7461 2702.9400
