# 申万果蔬加工指数 月度收盘
1999.9988 1000.0000
2000.0821 1374.6100
2000.16 1614.1500
2000.2488 1740.2300
2000.3294 1571.0700
2000.4155 1654.6200
2000.4961 1569.5700
2000.5821 1359.0200
2000.6655 1321.5100
2000.7461 1165.5100
2000.8321 1118.7000
2000.9127 1236.7200
2000.9988 1258.8300
2001.0821 1251.0800
2001.1573 1163.2500
2001.2488 1208.0100
2001.3294 1209.2000
2001.4155 1251.0800
2001.4961 1385.2800
2001.5821 1279.9700
2001.6655 1263.7900
2001.7461 1281.8800
2001.8321 1232.2900
2001.9127 1314.2300
2001.9988 1253.4300
2002.0821 1155.1800
2002.1573 1138.4600
2002.2488 1264.3900
2002.3294 1324.8800
2002.4155 1225.8300
2002.4961 1319.8900
2002.5821 1218.3700
2002.6655 1225.6300
2002.7461 1074.7100
2002.8321 975.0400
2002.9127 977.4300
2002.9988 947.1100
2003.0821 1021.9900
2003.1573 1014.7300
2003.2488 992.7100
2003.3294 986.2800
2003.4155 1018.2900
2003.4961 992.9200
2003.5821 977.1800
2003.6655 989.2800
2003.7461 949.0100
2003.8321 933.1400
2003.9127 975.3700
2003.9988 909.4400
2004.0821 977.5800
2004.16 932.4300
2004.2488 936.0400
2004.3294 857.2700
2004.4155 866.4800
2004.4961 799.2300
2004.5821 777.7600
2004.6655 755.9300
2004.7461 775.8200
2004.8321 673.5900
2004.9127 741.9200
2004.9988 699.4900
2005.0821 635.8600
2005.1573 681.6700
2005.2488 572.8900
2005.3294 546.9300
2005.4155 564.7100
2005.4961 558.5200
2005.5821 515.2500
2005.6655 546.5600
2005.7461 517.1500
2005.8321 466.6800
2005.9127 445.9400
2005.9988 452.8500
2006.0821 446.3800
2006.1573 469.0800
2006.2488 441.1500
2006.3294 410.0500
2006.4155 524.6500
2006.4961 547.2000
2006.5821 507.3700
2006.6655 495.0000
2006.7461 522.2100
2006.8321 520.1200
2006.9127 522.9200
2006.9988 509.0200
2007.0821 615.8400
2007.1573 733.1100
2007.2488 874.9000
2007.3294 1104.7700
2007.4155 1229.2000
2007.4961 819.0400
2007.5821 1078.7700
2007.6655 1172.1700
2007.7461 1176.0800
2007.8321 1137.5400
2007.9127 1237.4500
2007.9988 1599.3100
2008.0821 1852.8400
2008.16 2158.1700
2008.2488 1729.2000
2008.3294 1882.1500
2008.4155 1692.1500
2008.4961 1220.1400
2008.5821 1226.3600
2008.6655 940.9300
2008.7461 799.2400
2008.8321 510.4700
2008.9127 696.8700
2008.9988 673.0900
2009.0821 801.7600
2009.1573 867.8400
2009.2488 926.9700
2009.3294 857.7500
2009.4155 897.7000
2009.4961 994.2400
2009.5821 1199.6100
2009.6655 1146.4000
2009.7461 1194.1700
2009.8321 1312.8200
2009.9127 1511.8500
2009.9988 1692.1300
2010.0821 1571.5600
2010.1573 1660.7500
2010.2488 1642.9100
2010.3294 1761.3900
2010.4155 1489.5400
2010.4961 1187.5200
2010.5821 1500.9400
2010.6655 1658.8300
2010.7461 1664.3300
2010.8321 1876.3200
2010.9127 1704.8400
2010.9988 1881.1900
2011.0821 1595.2900
2011.1573 1724.9100
2011.2488 1604.5100
2011.3294 1540.2700
2011.4155 1382.3400
2011.4961 1330.3600
2011.5821 1439.9300
2011.6655 1330.9600
2011.7461 1119.1900
2011.8321 1137.4900
2011.9127 1128.4100
2011.9988 859.0200
2012.0821 822.7100
2012.16 979.5700
2012.2488 853.8700
2012.3294 996.7000
2012.4155 940.2900
2012.4961 817.4700
2012.5821 740.0200
2012.6655 815.4100
2012.7461 801.6000
2012.8321 806.5100
2012.9127 729.9100
2012.9988 801.3700
2013.0821 894.4400
2013.1573 929.7700
2013.2488 844.2500
2013.3294 800.2800
2013.4155 892.3500
2013.4961 671.7400
2013.5821 684.9000
2013.6655 769.8600
2013.7461 791.4000
2013.8321 807.7500
2013.9127 810.5600
2013.9988 755.4900
2014.0821 735.1700
2014.1573 728.3900
2014.2488 715.1100
2014.3294 682.9200
2014.4155 785.5800
2014.4961 737.7500
2014.5821 848.2900
2014.6655 890.6800
2014.7461 1170.0600
2014.8321 1153.5400
2014.9127 1277.3400
2014.9988 1329.8400
2015.0821 1463.6400
2015.1573 1651.0000
2015.2488 1852.7700
2015.3294 2260.7800
2015.4155 2387.8500
2015.4961 3089.3100
2015.5821 2780.0400
2015.6655 2577.9700
2015.7461 2134.0500
2015.8321 2522.4500
2015.9127 2448.1900
2015.9988 2448.7700
2016.0821 1550.3500
2016.16 1559.6200
2016.2488 1812.2300
2016.3294 1675.2900
2016.4155 1531.4100
2016.4961 1652.7100
2016.5821 1683.5800
2016.6655 1754.2000
2016.7461 1725.0400
2016.8321 1777.3600
2016.9127 1894.3200
2016.9988 1926.2100
2017.0821 1811.2800
2017.1573 1916.5800
2017.2488 1838.1700
2017.3294 1507.2600
2017.4155 1336.8000
2017.4961 1422.0400
2017.5821 1467.4600
2017.6655 1481.8600
2017.7461 1528.8500
2017.8321 1448.5600
2017.9127 1311.3000
2017.9988 1309.6900
2018.0821 1229.7900
2018.1573 1130.1500
2018.2488 1268.3900
2018.3294 1142.7400
2018.4155 1151.1700
2018.4961 955.0700
2018.5821 1015.0400
2018.6655 936.5700
2018.7461 897.9800
2018.8321 815.5500
2018.9127 845.8700
2018.9988 832.5000
2019.0821 802.4900
2019.1573 962.5700
2019.2488 1099.4000
2019.3294 1042.9100
2019.4155 1049.8900
2019.4961 1015.1600
2019.5821 961.8400
2019.6655 919.3300
2019.7461 882.1700
2019.8321 967.0000
2019.9127 956.5600
2019.9988 1010.6700
2020.0821 1018.6700
2020.16 1006.4000
2020.2488 1114.9700
2020.3294 1027.2500
2020.4155 1087.4800
2020.4961 1135.2500
2020.5821 1153.2000
2020.6655 1310.0500
2020.7461 1060.1600
2020.8321 1017.6100
2020.9127 1045.5100
2020.9988 1011.8300
2021.0821 853.1700
2021.1573 868.1100
2021.2488 960.4100
2021.3294 950.7500
2021.4155 995.5800
2021.4961 1061.3600
2021.5821 1108.1000
2021.6655 1052.8000
2021.7461 1115.4200
2021.8321 1068.3000
2021.9127 1122.0800
2021.9988 1189.4200
2022.0821 1017.2200
2022.1573 1238.9100
2022.2488 1196.7600
2022.3294 1004.6800
2022.4155 1238.9000
2022.4961 1211.3000
2022.5821 1296.0900
2022.6655 1190.2400
2022.7461 1082.2900
2022.8321 1039.3600
2022.9127 1142.8800
2022.9988 1137.9700
2023.0821 1259.1800
2023.1573 1264.4400
2023.2488 1225.3400
2023.3294 1188.5800
2023.4155 1116.3600
2023.4961 1174.1300
2023.5821 1274.8300
2023.6655 1261.6300
2023.7461 1236.1400
2023.8321 1234.3900
2023.9127 1294.9300
2023.9988 1286.2800
2024.0821 1186.8300
2024.16 1239.3200
2024.2488 1218.8000
2024.3294 1228.0400
2024.4155 1452.6400
2024.4961 1179.5900
2024.5821 1181.7600
2024.6655 1066.1400
2024.7461 1249.4000
2024.8321 1358.5600
2024.9127 1352.5200
2024.9988 1175.0800
2025.0821 1162.7100
2025.1573 1225.0500
2025.2488 1158.6400
2025.3294 1203.9300
2025.4155 1343.3900
2025.4961 1262.6300
2025.5821 1396.8500
2025.6655 1603.2800
2025.7461 1533.4400
2025.8321 1601.4900
2025.9127 1532.3500
2025.9988 1552.6000
2026.0821 1731.3700
2026.1573 1727.7100
2026.2488 1657.2700
2026.3294 1811.9100
2026.4155 1770.3600
2026.4961 1736.2300
2026.5821 1682.2700
2026.6655 1924.1100
2026.7461 1815.3400
