# 申万农林牧渔指数 月度收盘
1999.9988 1000.0000
2000.0821 1216.7900
2000.16 1493.4200
2000.2488 1537.9400
2000.3294 1619.7700
2000.4155 1614.3200
2000.4961 1603.6200
2000.5821 1705.0200
2000.6655 1765.1900
2000.7461 1722.6400
2000.8321 1734.6000
2000.9127 1802.3000
2000.9988 1793.3400
2001.0821 1742.5200
2001.1573 1659.2800
2001.2488 1758.7000
2001.3294 1734.1600
2001.4155 1794.4600
2001.4961 1760.0100
2001.5821 1523.0300
2001.6655 1518.9900
2001.7461 1244.3300
2001.8321 1161.7700
2001.9127 1182.9600
2001.9988 1098.4800
2002.0821 935.3700
2002.1573 981.2100
2002.2488 1065.9400
2002.3294 1105.0100
2002.4155 1000.4000
2002.4961 1106.5800
2002.5821 1052.6800
2002.6655 1066.2800
2002.7461 996.5100
2002.8321 950.9000
2002.9127 890.5200
2002.9988 843.2600
2003.0821 926.8200
2003.1573 926.1100
2003.2488 890.5900
2003.3294 869.0200
2003.4155 845.0800
2003.4961 785.7600
2003.5821 747.2600
2003.6655 724.4500
2003.7461 684.3200
2003.8321 661.6000
2003.9127 664.2300
2003.9988 637.4500
2004.0821 693.6000
2004.16 752.3400
2004.2488 787.7100
2004.3294 697.3100
2004.4155 680.0200
2004.4961 584.3200
2004.5821 564.4500
2004.6655 544.3700
2004.7461 573.6200
2004.8321 521.7600
2004.9127 537.4000
2004.9988 491.1000
2005.0821 448.1500
2005.1573 496.2300
2005.2488 440.4600
2005.3294 407.2400
2005.4155 388.5800
2005.4961 387.0000
2005.5821 361.3500
2005.6655 410.0200
2005.7461 422.5500
2005.8321 407.0500
2005.9127 391.8800
2005.9988 417.1500
2006.0821 440.8100
2006.1573 463.3600
2006.2488 448.2600
2006.3294 510.8500
2006.4155 635.1500
2006.4961 674.7900
2006.5821 629.0500
2006.6655 643.2100
2006.7461 690.9600
2006.8321 673.1500
2006.9127 703.8700
2006.9988 761.4500
2007.0821 946.8400
2007.1573 1091.7800
2007.2488 1235.0100
2007.3294 1598.6400
2007.4155 1788.6300
2007.4961 1371.0400
2007.5821 1681.0200
2007.6655 1835.6100
2007.7461 1848.7900
2007.8321 1681.7600
2007.9127 1599.3000
2007.9988 1995.5300
2008.0821 2136.4500
2008.16 2426.2500
2008.2488 1977.5300
2008.3294 2140.0000
2008.4155 2025.2000
2008.4961 1573.6800
2008.5821 1717.3200
2008.6655 1250.7100
2008.7461 1126.8300
2008.8321 844.4100
2008.9127 1016.4200
2008.9988 1067.3900
2009.0821 1203.4200
2009.1573 1313.8600
2009.2488 1464.6800
2009.3294 1415.2000
2009.4155 1450.7300
2009.4961 1533.0900
2009.5821 1713.6300
2009.6655 1562.5300
2009.7461 1548.3400
2009.8321 1682.6300
2009.9127 1992.3500
2009.9988 2040.4200
2010.0821 2021.4800
2010.1573 2132.2200
2010.2488 2105.6800
2010.3294 2034.3800
2010.4155 1923.0900
2010.4961 1707.8200
2010.5821 1941.6600
2010.6655 2199.4600
2010.7461 2329.6000
2010.8321 2517.7900
2010.9127 2483.5200
2010.9988 2470.2100
2011.0821 2289.4100
2011.1573 2551.6400
2011.2488 2332.6300
2011.3294 2263.5100
2011.4155 2174.5400
2011.4961 2183.3100
2011.5821 2268.0700
2011.6655 2247.1100
2011.7461 1928.3900
2011.8321 2014.0000
2011.9127 2023.3800
2011.9988 1700.1200
2012.0821 1657.9500
2012.16 1845.2100
2012.2488 1682.6700
2012.3294 1785.4200
2012.4155 1772.3900
2012.4961 1669.5100
2012.5821 1599.2500
2012.6655 1574.3400
2012.7461 1586.7700
2012.8321 1532.7800
2012.9127 1377.6300
2012.9988 1614.2300
2013.0821 1720.0300
2013.1573 1757.5700
2013.2488 1620.3500
2013.3294 1559.4200
2013.4155 1759.1900
2013.4961 1456.4100
2013.5821 1484.0100
2013.6655 1601.2200
2013.7461 1775.9800
2013.8321 1812.8000
2013.9127 1949.3700
2013.9988 1893.3000
2014.0821 1740.3800
2014.1573 1751.9200
2014.2488 1666.9400
2014.3294 1634.5300
2014.4155 1677.4500
2014.4961 1702.7400
2014.5821 1873.0100
2014.6655 1952.8300
2014.7461 2211.6300
2014.8321 2194.0800
2014.9127 2328.4000
2014.9988 2201.3000
2015.0821 2437.4000
2015.1573 2496.3200
2015.2488 3021.0800
2015.3294 3392.5800
2015.4155 4224.5300
2015.4961 3911.5200
2015.5821 3582.9500
2015.6655 3071.9800
2015.7461 2854.4300
2015.8321 3291.3600
2015.9127 3511.4400
2015.9988 3671.1400
2016.0821 2770.5400
2016.16 2832.6600
2016.2488 3245.0500
2016.3294 3123.2100
2016.4155 3123.1100
2016.4961 3173.1000
2016.5821 3222.3400
2016.6655 3329.8700
2016.7461 3219.0100
2016.8321 3324.5200
2016.9127 3414.2200
2016.9988 3356.2400
2017.0821 3261.2800
2017.1573 3326.8200
2017.2488 3222.3000
2017.3294 3038.8300
2017.4155 2784.2500
2017.4961 2855.1300
2017.5821 2808.2100
2017.6655 2939.2700
2017.7461 2914.2500
2017.8321 3035.6200
2017.9127 2908.8800
2017.9988 2932.6400
2018.0821 2936.0000
2018.1573 2722.4800
2018.2488 2715.1700
2018.3294 2626.4500
2018.4155 2783.8500
2018.4961 2412.4100
2018.5821 2428.9000
2018.6655 2215.6400
2018.7461 2275.9800
2018.8321 2160.6200
2018.9127 2288.4100
2018.9988 2274.4300
2019.0821 2354.5800
2019.1573 2872.0500
2019.2488 3375.8000
2019.3294 3572.3300
2019.4155 3510.6600
2019.4961 3228.7200
2019.5821 3464.6300
2019.6655 3493.2200
2019.7461 3195.2300
2019.8321 3597.7600
2019.9127 3253.3400
2019.9988 3308.1000
2020.0821 3175.5600
2020.16 3437.5200
2020.2488 3825.9500
2020.3294 3813.8700
2020.4155 3646.6900
2020.4961 3869.8200
2020.5821 4497.9100
2020.6655 4723.5200
2020.7461 3906.8900
2020.8321 3727.0400
2020.9127 3841.5600
2020.9988 3913.1000
2021.0821 3925.6000
2021.1573 4251.7300
2021.2488 3930.1800
2021.3294 3934.5000
2021.4155 3748.7000
2021.4961 3609.4300
2021.5821 3094.9900
2021.6655 3080.7000
2021.7461 3371.1000
2021.8321 3461.9200
2021.9127 3472.4100
2021.9988 3720.1200
2022.0821 3549.0300
2022.1573 3575.9900
2022.2488 3717.5200
2022.3294 3211.5500
2022.4155 3387.5500
2022.4961 3525.9700
2022.5821 3651.6300
2022.6655 3670.6300
2022.7461 3289.6800
2022.8321 3083.8900
2022.9127 3248.2600
2022.9988 3294.7700
2023.0821 3402.9100
2023.1573 3422.6800
2023.2488 3355.9300
2023.3294 3214.6300
2023.4155 2891.4700
2023.4961 2977.7500
2023.5821 3144.5400
2023.6655 2887.3900
2023.7461 2813.6900
2023.8321 2825.1400
2023.9127 2901.7900
2023.9988 2862.2300
2024.0821 2483.7200
2024.16 2622.1600
2024.2488 2691.4700
2024.3294 2671.1500
2024.4155 2786.7700
2024.4961 2479.8500
2024.5821 2473.1100
2024.6655 2266.3800
2024.7461 2707.9600
2024.8321 2645.8600
2024.9127 2638.8900
2024.9988 2530.8400
2025.0821 2455.3200
2025.1573 2460.3300
2025.2488 2508.8000
2025.3294 2593.7400
2025.4155 2658.0000
2025.4961 2671.6600
2025.5821 2774.2200
2025.6655 3000.6500
2025.7461 2964.2400
2025.8321 2946.6400
2025.9127 2991.2200
2025.9988 2981.2000
2026.0821 2976.8400
2026.1573 2972.6000
2026.2488 2791.6700
2026.3294 2853.0000
2026.4155 2480.4800
2026.4961 2228.0200
2026.5821 2416.2200
2026.6655 2594.7700
2026.7461 2538.1500
