# 申万饲料指数 月度收盘
1999.9988 1000.0000
2000.0821 992.1900
2000.16 1057.6800
2000.2488 1327.1500
2000.3294 1451.2400
2000.4155 1644.5300
2000.4961 1785.3400
2000.5821 2083.3900
2000.6655 2179.0200
2000.7461 2362.1700
2000.8321 2355.0100
2000.9127 2064.7800
2000.9988 2094.7000
2001.0821 2225.9900
2001.1573 2125.7500
2001.2488 2182.7100
2001.3294 2263.0900
2001.4155 2244.1000
2001.4961 2120.5200
2001.5821 1952.6300
2001.6655 2070.3900
2001.7461 1968.2500
2001.8321 1983.9800
2001.9127 1774.9500
2001.9988 1673.6300
2002.0821 1515.8700
2002.1573 1551.3000
2002.2488 1679.2100
2002.3294 1731.8400
2002.4155 1627.1500
2002.4961 1680.8200
2002.5821 1628.6700
2002.6655 1608.8000
2002.7461 1558.6600
2002.8321 1513.5500
2002.9127 1406.9400
2002.9988 1385.7900
2003.0821 1518.2100
2003.1573 1510.3600
2003.2488 1474.0600
2003.3294 1787.4200
2003.4155 1170.5700
2003.4961 976.3200
2003.5821 880.3400
2003.6655 862.3100
2003.7461 809.9600
2003.8321 801.3000
2003.9127 844.7400
2003.9988 786.9700
2004.0821 857.5300
2004.16 999.9200
2004.2488 1029.5700
2004.3294 854.7700
2004.4155 832.3100
2004.4961 712.0900
2004.5821 687.8200
2004.6655 666.2800
2004.7461 705.7500
2004.8321 642.7200
2004.9127 662.9200
2004.9988 614.2100
2005.0821 550.6800
2005.1573 616.3200
2005.2488 537.3600
2005.3294 527.6100
2005.4155 509.0900
2005.4961 525.0900
2005.5821 519.6400
2005.6655 551.2500
2005.7461 542.7700
2005.8321 538.1800
2005.9127 526.1300
2005.9988 561.0100
2006.0821 625.5400
2006.1573 645.8000
2006.2488 653.2100
2006.3294 688.2200
2006.4155 799.7000
2006.4961 901.8700
2006.5821 797.1400
2006.6655 815.3700
2006.7461 850.3900
2006.8321 861.8200
2006.9127 915.9400
2006.9988 1023.8500
2007.0821 1234.4800
2007.1573 1522.2200
2007.2488 1964.8300
2007.3294 2555.8900
2007.4155 3080.2000
2007.4961 2003.8600
2007.5821 2413.5400
2007.6655 2788.5000
2007.7461 2624.9300
2007.8321 2307.9600
2007.9127 2068.5900
2007.9988 2547.7900
2008.0821 2494.2800
2008.16 3350.2000
2008.2488 2545.7200
2008.3294 2741.9200
2008.4155 2676.5800
2008.4961 2022.7300
2008.5821 2259.7100
2008.6655 1629.7100
2008.7461 1413.3400
2008.8321 1073.2600
2008.9127 1190.5500
2008.9988 1258.6100
2009.0821 1445.6700
2009.1573 1579.3300
2009.2488 1899.6200
2009.3294 1765.9500
2009.4155 1858.5900
2009.4961 1949.3200
2009.5821 2101.1900
2009.6655 1881.3000
2009.7461 1789.9200
2009.8321 1914.8000
2009.9127 2409.8900
2009.9988 2346.2800
2010.0821 2632.8100
2010.1573 3039.6600
2010.2488 2813.7600
2010.3294 2399.0400
2010.4155 2294.1400
2010.4961 1949.5800
2010.5821 2223.8600
2010.6655 2390.8800
2010.7461 2384.8100
2010.8321 2431.3100
2010.9127 2479.4200
2010.9988 2374.0200
2011.0821 2165.5800
2011.1573 2343.0400
2011.2488 2275.6000
2011.3294 2235.8600
2011.4155 2141.6800
2011.4961 2240.8700
2011.5821 2283.3200
2011.6655 2295.0100
2011.7461 1988.2800
2011.8321 2097.4400
2011.9127 2130.3900
2011.9988 1824.1400
2012.0821 1766.8800
2012.16 1947.6200
2012.2488 1859.6600
2012.3294 1926.1200
2012.4155 1938.4500
2012.4961 1967.2200
2012.5821 1983.5000
2012.6655 1786.7000
2012.7461 1876.0500
2012.8321 1814.3700
2012.9127 1660.9300
2012.9988 1904.5300
2013.0821 2011.5300
2013.1573 2101.1500
2013.2488 1839.4400
2013.3294 1813.6300
2013.4155 2015.2400
2013.4961 1655.8900
2013.5821 1606.2500
2013.6655 1770.4200
2013.7461 1947.0400
2013.8321 2086.7600
2013.9127 2188.8400
2013.9988 2376.5000
2014.0821 2115.8200
2014.1573 2052.5800
2014.2488 1940.2500
2014.3294 1870.5600
2014.4155 1929.2600
2014.4961 1966.0200
2014.5821 2233.0400
2014.6655 2336.6200
2014.7461 2391.6500
2014.8321 2286.6100
2014.9127 2482.8100
2014.9988 2346.5000
2015.0821 2696.6800
2015.1573 2767.1000
2015.2488 3562.2600
2015.3294 3767.0600
2015.4155 4453.3800
2015.4961 3656.1500
2015.5821 3722.8600
2015.6655 3266.3600
2015.7461 3094.1900
2015.8321 3494.8900
2015.9127 3656.2000
2015.9988 3925.2100
2016.0821 3426.6700
2016.16 3481.8300
2016.2488 3726.5900
2016.3294 3531.4800
2016.4155 3790.5100
2016.4961 3759.7200
2016.5821 3778.7600
2016.6655 3899.9400
2016.7461 3679.2800
2016.8321 3729.1300
2016.9127 3742.5500
2016.9988 3543.9100
2017.0821 3440.7800
2017.1573 3582.9600
2017.2488 3526.3100
2017.3294 3429.0500
2017.4155 3206.4500
2017.4961 3321.9000
2017.5821 3355.0500
2017.6655 3398.7000
2017.7461 3443.3600
2017.8321 3510.6300
2017.9127 3625.1300
2017.9988 3685.3500
2018.0821 3799.8200
2018.1573 3481.8700
2018.2488 3476.4200
2018.3294 3475.8500
2018.4155 3532.8300
2018.4961 2814.7800
2018.5821 2835.6400
2018.6655 2604.1000
2018.7461 2715.4800
2018.8321 2547.6600
2018.9127 2946.2600
2018.9988 2956.6800
2019.0821 3244.1800
2019.1573 4125.2800
2019.2488 5097.3300
2019.3294 6324.8200
2019.4155 6392.8300
2019.4961 5389.3900
2019.5821 5897.0400
2019.6655 5884.7500
2019.7461 5163.6400
2019.8321 6076.7900
2019.9127 5419.0400
2019.9988 5692.2000
2020.0821 5256.4900
2020.16 5962.8400
2020.2488 7362.7800
2020.3294 7757.6800
2020.4155 7109.6900
2020.4961 7633.2100
2020.5821 9102.6600
2020.6655 10141.9700
2020.7461 7971.3600
2020.8321 7681.0100
2020.9127 7479.0800
2020.9988 7322.3400
2021.0821 7183.4900
2021.1573 8048.2800
2021.2488 7403.7100
2021.3294 7080.0700
2021.4155 6564.9800
2021.4961 6414.2900
2021.5821 5281.1700
2021.6655 5171.9500
2021.7461 5736.8300
2021.8321 5767.1600
2021.9127 5794.6100
2021.9988 6541.9000
2022.0821 6283.4600
2022.1573 5957.9100
2022.2488 5957.7000
2022.3294 5387.5800
2022.4155 5533.4600
2022.4961 5754.4700
2022.5821 6194.5100
2022.6655 6130.1700
2022.7461 5688.9100
2022.8321 5527.7700
2022.9127 5669.2700
2022.9988 5728.3300
2023.0821 5919.4400
2023.1573 5814.3800
2023.2488 5464.0500
2023.3294 5023.1100
2023.4155 4507.1900
2023.4961 4630.4400
2023.5821 4927.3400
2023.6655 4585.9500
2023.7461 4498.8800
2023.8321 4539.4400
2023.9127 4636.6200
2023.9988 4459.5900
2024.0821 3669.7800
2024.16 3939.2500
2024.2488 4015.9400
2024.3294 4127.0300
2024.4155 4243.1400
2024.4961 3760.6100
2024.5821 3668.3000
2024.6655 3415.0300
2024.7461 4097.8500
2024.8321 3961.6500
2024.9127 4053.7400
2024.9988 4141.6300
2025.0821 4141.0100
2025.1573 4146.3500
2025.2488 4144.0100
2025.3294 4504.1200
2025.4155 4753.1400
2025.4961 4675.1200
2025.5821 4594.0200
2025.6655 4885.0000
2025.7461 4948.1300
2025.8321 4696.7300
2025.9127 4579.1900
2025.9988 4503.7600
2026.0821 4476.3400
2026.1573 4465.6500
2026.2488 4037.8100
2026.3294 4078.5700
2026.4155 3654.1500
2026.4961 3371.7700
2026.5821 3622.1100
2026.6655 3614.1700
2026.7461 3432.8200
