# 申万畜禽饲料指数 月度收盘
2021.9988 2678.6400
2022.0821 2583.9200
2022.1573 2494.6100
2022.2488 2825.6200
2022.3294 2155.6600
2022.4155 2306.6800
2022.4961 2388.7300
2022.5821 2577.2000
2022.6655 2685.8200
2022.7461 2314.8900
2022.8321 2377.9100
2022.9127 2489.7200
2022.9988 2365.7900
2023.0821 2479.9400
2023.1573 2353.0000
2023.2488 2268.9800
2023.3294 2038.8300
2023.4155 1870.9200
2023.4961 1965.3700
2023.5821 2079.7200
2023.6655 1882.1300
2023.7461 1898.8000
2023.8321 1925.4900
2023.9127 2007.7300
2023.9988 1842.2800
2024.0821 1467.9500
2024.16 1524.6600
2024.2488 1563.3300
2024.3294 1445.3800
2024.4155 1544.0900
2024.4961 1286.6800
2024.5821 1323.1400
2024.6655 1256.7500
2024.7461 1458.3200
2024.8321 1443.5100
2024.9127 1433.2300
2024.9988 1358.1200
2025.0821 1304.3200
2025.1573 1285.1000
2025.2488 1280.5900
2025.3294 1316.1500
2025.4155 1333.6100
2025.4961 1331.2600
2025.5821 1386.0200
2025.6655 1434.7100
2025.7461 1440.9500
2025.8321 1446.2100
2025.9127 1409.3000
2025.9988 1383.7000
2026.0821 1475.0100
2026.1573 1417.8900
2026.2488 1331.6700
2026.3294 1340.0900
2026.4155 1168.8400
2026.4961 1033.7000
2026.5821 1101.3800
2026.6655 1171.4100
2026.7461 1129.9100
