# 申万动物保健指数 月度收盘
2011.8321 1977.6200
2011.9127 2047.7200
2011.9988 1711.3500
2012.0821 1699.5600
2012.16 1843.4700
2012.2488 1723.4700
2012.3294 1865.9700
2012.4155 1867.5200
2012.4961 1778.7000
2012.5821 1693.2800
2012.6655 1690.7300
2012.7461 1639.5300
2012.8321 1580.2600
2012.9127 1365.3800
2012.9988 1601.9100
2013.0821 1691.6700
2013.1573 1918.9500
2013.2488 1776.2700
2013.3294 1746.6000
2013.4155 2102.1900
2013.4961 1745.6700
2013.5821 1852.2700
2013.6655 1953.6800
2013.7461 2031.9900
2013.8321 2037.4500
2013.9127 2271.5000
2013.9988 2350.0900
2014.0821 2370.2300
2014.1573 2283.8400
2014.2488 2147.8500
2014.3294 2115.7900
2014.4155 2141.9600
2014.4961 2259.4500
2014.5821 2347.6900
2014.6655 2486.1600
2014.7461 2697.6600
2014.8321 2745.8300
2014.9127 2745.5100
2014.9988 2560.6200
2015.0821 2996.5700
2015.1573 3213.6500
2015.2488 3723.4500
2015.3294 4149.9300
2015.4155 7211.6700
2015.4961 6394.7500
2015.5821 6290.4300
2015.6655 4788.0000
2015.7461 4716.7900
2015.8321 5833.5300
2015.9127 7102.1700
2015.9988 7633.8600
2016.0821 5300.3300
2016.16 5270.0700
2016.2488 6536.2700
2016.3294 6187.7500
2016.4155 6150.5600
2016.4961 6217.2400
2016.5821 6552.0700
2016.6655 6862.8500
2016.7461 7046.6700
2016.8321 7050.9400
2016.9127 7343.2200
2016.9988 6887.9400
2017.0821 6545.9400
2017.1573 7079.7900
2017.2488 7026.0900
2017.3294 6860.8100
2017.4155 6461.4200
2017.4961 6634.2300
2017.5821 6310.7500
2017.6655 6374.1700
2017.7461 6380.9300
2017.8321 6883.2700
2017.9127 6480.3400
2017.9988 6929.7000
2018.0821 6674.0100
2018.1573 6383.9900
2018.2488 6349.7400
2018.3294 6014.4100
2018.4155 6365.4200
2018.4961 5691.2900
2018.5821 5305.5900
2018.6655 5007.0100
2018.7461 5295.5000
2018.8321 5290.6000
2018.9127 5199.1800
2018.9988 4838.5300
2019.0821 4398.1300
2019.1573 5123.0300
2019.2488 5801.6100
2019.3294 5725.7500
2019.4155 5112.2300
2019.4961 5136.5500
2019.5821 5136.4700
2019.6655 5857.1200
2019.7461 6136.7600
2019.8321 6849.7900
2019.9127 5946.2800
2019.9988 6012.1900
2020.0821 6453.7000
2020.16 6685.0100
2020.2488 6616.1600
2020.3294 7409.4500
2020.4155 7541.3000
2020.4961 8566.9000
2020.5821 10498.9700
2020.6655 9805.1900
2020.7461 8456.7000
2020.8321 7949.4600
2020.9127 7625.4200
2020.9988 6721.1800
2021.0821 7203.9000
2021.1573 6953.4300
2021.2488 6826.0500
2021.3294 7422.5200
2021.4155 7532.9600
2021.4961 6850.0300
2021.5821 6259.7600
2021.6655 5882.1900
2021.7461 5939.7700
2021.8321 5762.0500
2021.9127 5999.4700
2021.9988 6389.9500
2022.0821 5805.8300
2022.1573 5979.2100
2022.2488 5552.5400
2022.3294 4215.9200
2022.4155 4636.4500
2022.4961 4808.6300
2022.5821 4607.0800
2022.6655 5086.0300
2022.7461 4870.8700
2022.8321 4903.1500
2022.9127 5139.5400
2022.9988 5016.9300
2023.0821 5597.2100
2023.1573 6220.1300
2023.2488 5811.4100
2023.3294 5325.6100
2023.4155 5007.6500
2023.4961 4750.9700
2023.5821 4954.7200
2023.6655 4696.4700
2023.7461 4665.6600
2023.8321 4572.5200
2023.9127 4733.8900
2023.9988 4793.1700
2024.0821 3647.0100
2024.16 3828.8800
2024.2488 3925.6900
2024.3294 3980.7100
2024.4155 3851.2900
2024.4961 3194.9900
2024.5821 3047.7200
2024.6655 2870.6300
2024.7461 3368.1200
2024.8321 3391.4700
2024.9127 3589.4800
2024.9988 3418.8900
2025.0821 3288.9400
2025.1573 3214.6300
2025.2488 3475.2500
2025.3294 3707.0300
2025.4155 4120.1300
2025.4961 4133.8400
2025.5821 4357.1700
2025.6655 4578.6200
2025.7461 4476.1300
2025.8321 4664.2000
2025.9127 4791.4600
2025.9988 4910.3200
2026.0821 5548.1200
2026.1573 5366.6900
2026.2488 4767.7200
2026.3294 4855.5600
2026.4155 4101.8300
2026.4961 4062.2600
2026.5821 4314.6000
2026.6655 4370.3200
2026.7461 4141.7500
