# 申万粮油加工指数 月度收盘
1999.9988 1000.0000
2000.0821 1085.4200
2000.16 1291.0400
2000.2488 1422.7700
2000.3294 1396.9300
2000.4155 1507.2500
2000.4961 1559.4000
2000.5821 1795.2600
2000.6655 1716.7100
2000.7461 1630.9200
2000.8321 1708.3700
2000.9127 1874.2300
2000.9988 1802.3800
2001.0821 1794.2600
2001.1573 1754.1600
2001.2488 2053.2700
2001.3294 1953.0200
2001.4155 2346.7300
2001.4961 1988.2200
2001.5821 1671.3100
2001.6655 1658.5100
2001.7461 1485.7600
2001.8321 1438.2400
2001.9127 1465.9200
2001.9988 1334.5000
2002.0821 1103.4400
2002.1573 1159.2800
2002.2488 1242.8700
2002.3294 1256.1500
2002.4155 1106.7400
2002.4961 1212.8600
2002.5821 1174.9300
2002.6655 1152.0200
2002.7461 1066.8000
2002.8321 1029.3000
2002.9127 971.0500
2002.9988 934.5200
2003.0821 1030.2900
2003.1573 1053.6900
2003.2488 1005.9400
2003.3294 909.1500
2003.4155 943.8100
2003.4961 892.3700
2003.5821 862.0200
2003.6655 831.6000
2003.7461 756.6500
2003.8321 749.3100
2003.9127 767.4100
2003.9988 723.8200
2004.0821 795.3900
2004.16 907.2100
2004.2488 986.8400
2004.3294 882.7800
2004.4155 848.7600
2004.4961 748.4700
2004.5821 739.5100
2004.6655 666.2700
2004.7461 711.3600
2004.8321 643.0000
2004.9127 651.7800
2004.9988 595.0300
2005.0821 531.7600
2005.1573 592.7200
2005.2488 572.6100
2005.3294 478.4100
2005.4155 454.6200
2005.4961 437.9700
2005.5821 407.0000
2005.6655 515.1500
2005.7461 576.9800
2005.8321 591.4600
2005.9127 535.0400
2005.9988 632.2600
2006.0821 687.9100
2006.1573 672.6100
2006.2488 650.3700
2006.3294 802.5300
2006.4155 989.4400
2006.4961 912.6000
2006.5821 830.0400
2006.6655 778.5000
2006.7461 879.4100
2006.8321 848.7900
2006.9127 931.3600
2006.9988 979.1000
2007.0821 1145.1000
2007.1573 1370.9700
2007.2488 1562.7400
2007.3294 1846.4500
2007.4155 1941.9800
2007.4961 1562.9200
2007.5821 1945.8400
2007.6655 2018.1200
2007.7461 2042.5300
2007.8321 1697.2100
2007.9127 1691.2900
2007.9988 2117.4600
2008.0821 2250.8200
2008.16 2473.5700
2008.2488 2354.2800
2008.3294 2370.1100
2008.4155 2204.0500
2008.4961 1826.6900
2008.5821 1882.7200
2008.6655 1196.3800
2008.7461 1134.6200
2008.8321 738.6100
2008.9127 995.5100
2008.9988 1094.9400
2009.0821 1267.0600
2009.1573 1443.6300
2009.2488 1996.5700
2009.3294 1888.2300
2009.4155 2016.5000
2009.4961 2069.0700
2009.5821 2448.4000
2009.6655 2071.2100
2009.7461 2072.4600
2009.8321 2225.1500
2009.9127 2612.5700
2009.9988 2563.5700
2010.0821 2330.1800
2010.1573 2536.7400
2010.2488 2593.4900
2010.3294 2436.1500
2010.4155 2145.9100
2010.4961 1879.1500
2010.5821 2074.2000
2010.6655 2281.5400
2010.7461 2302.6600
2010.8321 2922.3100
2010.9127 3109.0900
2010.9988 2918.0300
2011.0821 2634.4700
2011.1573 3024.9900
2011.2488 2942.2200
2011.3294 2769.1600
2011.4155 2510.0100
2011.4961 2456.1300
2011.5821 2619.7200
2011.6655 2509.6300
2011.7461 2017.1400
2011.8321 2090.5600
2011.9127 2002.7200
2011.9988 1571.5200
2012.0821 1477.7100
2012.16 1682.6200
2012.2488 1549.6700
2012.3294 1615.9900
2012.4155 1525.2700
2012.4961 1432.6800
2012.5821 1358.3500
2012.6655 1411.9100
2012.7461 1460.9500
2012.8321 1450.8900
2012.9127 1239.7900
2012.9988 1402.4200
2013.0821 1500.8500
2013.1573 1694.5800
2013.2488 1541.4300
2013.3294 1491.7900
2013.4155 1547.8100
2013.4961 1270.5500
2013.5821 1382.7000
2013.6655 1428.0600
2013.7461 1487.3700
2013.8321 1466.2700
2013.9127 1561.4600
2013.9988 1572.0500
2014.0821 1502.0800
2014.1573 1450.5200
2014.2488 1452.4900
2014.3294 1442.8000
2014.4155 1424.0200
2014.4961 1425.7200
2014.5821 1499.9800
2014.6655 1580.1300
2014.7461 1896.5400
2014.8321 1832.4700
2014.9127 1870.2500
2014.9988 1642.2900
2015.0821 1762.9700
2015.1573 1810.7200
2015.2488 2475.4800
2015.3294 2494.2200
2015.4155 2852.1200
2015.4961 3123.6100
2015.5821 2271.9800
2015.6655 1962.1700
2015.7461 1904.4900
2015.8321 2082.4600
2015.9127 2365.5400
2015.9988 2527.4000
2016.0821 1853.1800
2016.16 1834.2600
2016.2488 1997.7300
2016.3294 2029.1700
2016.4155 2064.7900
2016.4961 2046.7800
2016.5821 1993.9000
2016.6655 2031.1400
2016.7461 2046.8500
2016.8321 2558.6100
2016.9127 2495.0100
2016.9988 2488.9900
2017.0821 2508.4400
2017.1573 2624.7700
2017.2488 2654.1200
2017.3294 2477.1500
2017.4155 2042.9000
2017.4961 2043.5800
2017.5821 1929.8500
2017.6655 2033.0000
2017.7461 2083.9500
2017.8321 1971.5900
2017.9127 1756.3000
2017.9988 1832.3200
2018.0821 1632.3800
2018.1573 1470.3900
2018.2488 1481.4400
2018.3294 1404.1000
2018.4155 1527.3900
2018.4961 1212.6300
2018.5821 1233.7000
2018.6655 1136.1700
2018.7461 1177.0100
2018.8321 1101.3600
2018.9127 1094.5200
2018.9988 1016.8800
2019.0821 1025.8200
2019.1573 1209.7100
2019.2488 1393.7100
2019.3294 1321.1300
2019.4155 1391.7100
2019.4961 1395.4900
2019.5821 1337.5800
2019.6655 1344.7900
2019.7461 1232.0600
2019.8321 1199.6600
2019.9127 1171.1900
2019.9988 1206.5600
2020.0821 1171.0600
2020.16 1237.2800
2020.2488 1795.6100
2020.3294 2128.2000
2020.4155 2156.8900
2020.4961 2048.8200
2020.5821 2636.7600
2020.6655 3017.5400
2020.7461 2467.5100
2020.8321 2392.5600
2020.9127 3173.0400
2020.9988 4511.3700
2021.0821 4772.6200
2021.1573 3705.5900
2021.2488 3323.2000
2021.3294 3356.8500
2021.4155 3828.5500
2021.4961 3558.6400
2021.5821 2943.7200
2021.6655 2919.7700
2021.7461 2994.9000
2021.8321 2689.6400
2021.9127 2749.5100
2021.9988 2822.8400
2022.0821 2547.4000
2022.1573 2502.0500
2022.2488 2596.5500
2022.3294 2278.9100
2022.4155 2359.3400
2022.4961 2553.7900
2022.5821 2252.1900
2022.6655 2295.2300
2022.7461 2089.3700
2022.8321 1914.6000
2022.9127 2079.9500
2022.9988 2171.1500
2023.0821 2211.9700
2023.1573 2277.6900
2023.2488 2149.7800
2023.3294 2161.1000
2023.4155 2021.8000
2023.4961 2010.6000
2023.5821 2146.7700
2023.6655 1888.0000
2023.7461 1822.6900
2023.8321 1844.8200
2023.9127 1865.2400
2023.9988 1770.0200
2024.0821 1524.7300
2024.16 1642.3200
2024.2488 1557.8500
2024.3294 1587.7700
2024.4155 1535.3700
2024.4961 1378.1900
2024.5821 1374.6600
2024.6655 1318.7500
2024.7461 1713.5600
2024.8321 1612.0500
2024.9127 1697.3500
2024.9988 1599.2200
2025.0821 1526.2700
2025.1573 1566.5500
2025.2488 1549.2500
2025.3294 1597.6200
2025.4155 1562.8800
2025.4961 1538.7100
2025.5821 1603.6500
2025.6655 1714.9400
2025.7461 1617.5200
2025.8321 1666.2200
2025.9127 1620.8400
2025.9988 1587.2800
2026.0821 1660.1100
2026.1573 1599.9200
2026.2488 1583.0000
2026.3294 1536.3000
2026.4155 1401.5200
2026.4961 1222.0800
2026.5821 1365.4100
2026.6655 1614.4400
2026.7461 1661.0500
