# 申万种植业指数 月度收盘
1999.9988 1000.0000
2000.0821 1161.0300
2000.16 1484.0000
2000.2488 1519.0700
2000.3294 1403.2200
2000.4155 1463.4700
2000.4961 1487.8900
2000.5821 1566.4700
2000.6655 1578.2200
2000.7461 1562.9800
2000.8321 1694.2500
2000.9127 1772.1200
2000.9988 1737.7300
2001.0821 1634.0900
2001.1573 1512.8700
2001.2488 1618.1500
2001.3294 1624.5900
2001.4155 1694.5300
2001.4961 1739.6100
2001.5821 1462.7200
2001.6655 1402.1600
2001.7461 1312.3000
2001.8321 1160.8800
2001.9127 1246.4200
2001.9988 1165.9400
2002.0821 1007.0800
2002.1573 1032.6900
2002.2488 1137.8800
2002.3294 1124.5000
2002.4155 993.9600
2002.4961 1107.2800
2002.5821 1025.2100
2002.6655 1054.2800
2002.7461 984.8800
2002.8321 937.7100
2002.9127 876.9200
2002.9988 810.5900
2003.0821 897.8700
2003.1573 902.4500
2003.2488 856.2600
2003.3294 833.0400
2003.4155 852.8800
2003.4961 788.2900
2003.5821 747.8200
2003.6655 726.9400
2003.7461 686.1200
2003.8321 677.9300
2003.9127 669.7800
2003.9988 650.5700
2004.0821 711.9700
2004.16 750.3600
2004.2488 798.8000
2004.3294 706.5900
2004.4155 692.9500
2004.4961 590.1000
2004.5821 577.9200
2004.6655 579.7800
2004.7461 613.4600
2004.8321 551.7200
2004.9127 555.4500
2004.9988 520.0000
2005.0821 478.8500
2005.1573 528.9500
2005.2488 451.6500
2005.3294 419.8400
2005.4155 388.6800
2005.4961 405.8100
2005.5821 365.8800
2005.6655 419.3300
2005.7461 426.0200
2005.8321 407.4400
2005.9127 398.0300
2005.9988 411.4700
2006.0821 438.9500
2006.1573 485.5000
2006.2488 455.3900
2006.3294 513.7200
2006.4155 635.5900
2006.4961 707.3000
2006.5821 629.2300
2006.6655 637.2900
2006.7461 686.2000
2006.8321 632.8400
2006.9127 676.9900
2006.9988 716.6700
2007.0821 913.8000
2007.1573 1038.6700
2007.2488 1141.6200
2007.3294 1387.8400
2007.4155 1486.7500
2007.4961 1242.3400
2007.5821 1480.0900
2007.6655 1587.5900
2007.7461 1722.3200
2007.8321 1531.1300
2007.9127 1470.2300
2007.9988 1848.0300
2008.0821 2376.3100
2008.16 2807.2000
2008.2488 2453.7700
2008.3294 2939.7900
2008.4155 2906.4200
2008.4961 2494.2000
2008.5821 2654.8500
2008.6655 1848.3900
2008.7461 1751.1600
2008.8321 1412.4800
2008.9127 1695.5400
2008.9988 1803.4400
2009.0821 2065.6500
2009.1573 2200.5100
2009.2488 2251.0900
2009.3294 2206.6600
2009.4155 2172.0300
2009.4961 2271.6800
2009.5821 2445.4200
2009.6655 2290.3800
2009.7461 2262.1400
2009.8321 2489.8900
2009.9127 2862.0000
2009.9988 2964.5200
2010.0821 2918.0800
2010.1573 2933.7100
2010.2488 2811.4400
2010.3294 2810.5500
2010.4155 2936.1100
2010.4961 2547.8300
2010.5821 2883.1300
2010.6655 3286.5400
2010.7461 3309.2700
2010.8321 3613.6000
2010.9127 3380.1500
2010.9988 3492.1700
2011.0821 3345.8000
2011.1573 3832.6500
2011.2488 3308.6600
2011.3294 3092.8800
2011.4155 3006.6000
2011.4961 3017.3100
2011.5821 2998.0400
2011.6655 3064.1000
2011.7461 2563.8800
2011.8321 2721.4800
2011.9127 2740.6600
2011.9988 2329.7300
2012.0821 2266.5700
2012.16 2545.9500
2012.2488 2200.1500
2012.3294 2314.7700
2012.4155 2229.7700
2012.4961 2079.6300
2012.5821 2044.3900
2012.6655 2113.0900
2012.7461 2092.5800
2012.8321 2054.5800
2012.9127 1927.7200
2012.9988 2259.0300
2013.0821 2446.3100
2013.1573 2396.2300
2013.2488 2183.7600
2013.3294 2110.3900
2013.4155 2359.9100
2013.4961 2034.7400
2013.5821 2063.4600
2013.6655 2202.4800
2013.7461 2752.7400
2013.8321 2815.5500
2013.9127 3039.2500
2013.9988 2769.4700
2014.0821 2428.1300
2014.1573 2526.6500
2014.2488 2330.4900
2014.3294 2230.3700
2014.4155 2290.0200
2014.4961 2252.5600
2014.5821 2409.4600
2014.6655 2526.5900
2014.7461 3051.7700
2014.8321 2975.1200
2014.9127 3286.6600
2014.9988 3184.0200
2015.0821 3482.6100
2015.1573 3320.1500
2015.2488 3913.8100
2015.3294 4562.0200
2015.4155 5382.1100
2015.4961 4762.1500
2015.5821 4081.6300
2015.6655 3720.0600
2015.7461 3603.3500
2015.8321 3838.8100
2015.9127 3867.6000
2015.9988 3984.4100
2016.0821 2797.3500
2016.16 2745.4500
2016.2488 3211.5200
2016.3294 3256.6300
2016.4155 3154.8500
2016.4961 3220.6500
2016.5821 3197.9200
2016.6655 3336.1100
2016.7461 3288.9500
2016.8321 3377.3500
2016.9127 3570.2300
2016.9988 3618.0800
2017.0821 3508.4500
2017.1573 3489.1900
2017.2488 3313.1400
2017.3294 3031.3400
2017.4155 2813.9700
2017.4961 2898.4600
2017.5821 3005.0100
2017.6655 3072.9300
2017.7461 3228.7100
2017.8321 3120.8700
2017.9127 2876.1500
2017.9988 2920.4000
2018.0821 2873.1500
2018.1573 2769.8100
2018.2488 2890.9600
2018.3294 2658.6400
2018.4155 2697.4200
2018.4961 2368.1200
2018.5821 2372.6900
2018.6655 2239.4200
2018.7461 2222.6900
2018.8321 1946.7500
2018.9127 1930.7900
2018.9988 1889.7300
2019.0821 1752.9700
2019.1573 2110.3100
2019.2488 2295.5800
2019.3294 2093.1900
2019.4155 2470.4800
2019.4961 2427.0600
2019.5821 2218.2700
2019.6655 2177.3300
2019.7461 2066.3700
2019.8321 2024.1600
2019.9127 2007.5600
2019.9988 2191.0700
2020.0821 2280.3000
2020.16 2283.1900
2020.2488 2817.8400
2020.3294 2674.8600
2020.4155 2740.0800
2020.4961 2705.2500
2020.5821 3174.1000
2020.6655 3526.3300
2020.7461 3098.8100
2020.8321 2978.9600
2020.9127 3017.0600
2020.9988 3500.6200
2021.0821 3094.6400
2021.1573 3269.3500
2021.2488 2977.1000
2021.3294 2765.8800
2021.4155 2862.8400
2021.4961 2835.9200
2021.5821 3112.7800
2021.6655 3090.4400
2021.7461 3113.7400
2021.8321 3054.5500
2021.9127 3301.7500
2021.9988 3350.8200
2022.0821 2895.0500
2022.1573 3086.4200
2022.2488 3247.1300
2022.3294 2859.7400
2022.4155 3489.6500
2022.4961 3118.3600
2022.5821 2919.4400
2022.6655 3036.8900
2022.7461 2659.5000
2022.8321 2759.7400
2022.9127 2948.8500
2022.9988 2927.7000
2023.0821 3066.3700
2023.1573 3063.6000
2023.2488 2961.5900
2023.3294 2885.0000
2023.4155 2810.4400
2023.4961 2832.7600
2023.5821 3037.2100
2023.6655 2814.3300
2023.7461 2740.1400
2023.8321 2715.9000
2023.9127 2764.7200
2023.9988 2525.6500
2024.0821 2234.0300
2024.16 2429.3300
2024.2488 2358.9000
2024.3294 2262.8800
2024.4155 2201.4100
2024.4961 1955.4700
2024.5821 1987.1600
2024.6655 1982.6500
2024.7461 2372.8000
2024.8321 2559.4200
2024.9127 2554.3500
2024.9988 2475.3700
2025.0821 2359.7300
2025.1573 2369.7300
2025.2488 2292.5900
2025.3294 2367.3100
2025.4155 2436.2000
2025.4961 2435.2700
2025.5821 2511.1300
2025.6655 2570.6500
2025.7461 2531.8100
2025.8321 2601.7800
2025.9127 2692.8500
2025.9988 2694.9100
2026.0821 3064.5300
2026.1573 3000.4300
2026.2488 2828.9200
2026.3294 2901.8700
2026.4155 2477.1100
2026.4961 2058.9800
2026.5821 2207.1700
2026.6655 2615.1800
2026.7461 2590.5400
