# 申万肉鸡养殖指数 月度收盘
2021.9988 1076.9600
2022.0821 935.9600
2022.1573 915.2400
2022.2488 925.0200
2022.3294 793.0900
2022.4155 857.8500
2022.4961 919.4800
2022.5821 939.6500
2022.6655 1012.9600
2022.7461 873.7600
2022.8321 946.5600
2022.9127 1116.4700
2022.9988 1063.8900
2023.0821 1137.6000
2023.1573 1150.5900
2023.2488 1126.4400
2023.3294 1043.8800
2023.4155 937.9600
2023.4961 928.9000
2023.5821 1025.6600
2023.6655 907.6400
2023.7461 873.7800
2023.8321 814.5000
2023.9127 845.9100
2023.9988 830.3700
2024.0821 715.8000
2024.16 754.9500
2024.2488 779.5500
2024.3294 742.6600
2024.4155 770.7900
2024.4961 680.9100
2024.5821 696.4500
2024.6655 621.2500
2024.7461 723.5900
2024.8321 704.7100
2024.9127 724.1300
2024.9988 709.3200
2025.0821 674.8100
2025.1573 654.9400
2025.2488 709.7300
2025.3294 708.1300
2025.4155 703.6400
2025.4961 681.7500
2025.5821 728.8200
2025.6655 768.0900
2025.7461 770.2100
2025.8321 760.6100
2025.9127 750.7500
2025.9988 732.3500
2026.0821 778.7900
2026.1573 812.0300
2026.2488 740.6400
2026.3294 823.7900
2026.4155 748.3400
2026.4961 662.5900
2026.5821 744.1500
2026.6655 777.5600
2026.7461 739.7700
