# 申万种子指数 月度收盘
1999.9988 1000.0000
2000.0821 1120.2100
2000.16 1196.1300
2000.2488 1532.4500
2000.3294 1553.3200
2000.4155 1557.6800
2000.4961 1621.1600
2000.5821 1672.3500
2000.6655 1734.8500
2000.7461 1824.3000
2000.8321 2061.5700
2000.9127 2100.2000
2000.9988 2043.4400
2001.0821 1845.6700
2001.1573 1715.7200
2001.2488 1811.7700
2001.3294 1854.7600
2001.4155 1888.2900
2001.4961 1876.2900
2001.5821 1568.3000
2001.6655 1502.2200
2001.7461 1416.8300
2001.8321 1237.1000
2001.9127 1294.1300
2001.9988 1231.4000
2002.0821 1049.8600
2002.1573 1065.0800
2002.2488 1204.3600
2002.3294 1131.2200
2002.4155 991.3900
2002.4961 1080.1800
2002.5821 996.5000
2002.6655 1056.7200
2002.7461 978.2000
2002.8321 903.1900
2002.9127 793.0800
2002.9988 745.5300
2003.0821 815.7000
2003.1573 835.4400
2003.2488 760.9500
2003.3294 686.5400
2003.4155 728.3600
2003.4961 671.9600
2003.5821 660.0900
2003.6655 643.0600
2003.7461 593.6700
2003.8321 564.8100
2003.9127 522.7800
2003.9988 500.3000
2004.0821 572.5700
2004.16 599.9000
2004.2488 684.3500
2004.3294 584.9200
2004.4155 569.0800
2004.4961 480.9900
2004.5821 460.4200
2004.6655 453.9900
2004.7461 475.0300
2004.8321 421.0200
2004.9127 432.1800
2004.9988 421.4600
2005.0821 387.4200
2005.1573 431.3600
2005.2488 361.5900
2005.3294 323.0800
2005.4155 307.6700
2005.4961 309.0500
2005.5821 274.4200
2005.6655 311.1600
2005.7461 315.7800
2005.8321 321.4500
2005.9127 315.9400
2005.9988 325.3600
2006.0821 338.3200
2006.1573 385.2000
2006.2488 372.5100
2006.3294 393.6900
2006.4155 470.9200
2006.4961 562.8200
2006.5821 458.4300
2006.6655 473.9100
2006.7461 512.1200
2006.8321 448.9800
2006.9127 458.5200
2006.9988 469.5400
2007.0821 569.5400
2007.1573 651.7200
2007.2488 734.0200
2007.3294 891.0900
2007.4155 951.0800
2007.4961 804.6700
2007.5821 880.0400
2007.6655 940.7000
2007.7461 960.6400
2007.8321 822.4700
2007.9127 759.9000
2007.9988 887.1200
2008.0821 1032.2300
2008.16 1336.7700
2008.2488 1177.3600
2008.3294 1482.0000
2008.4155 1503.8600
2008.4961 1413.6100
2008.5821 1583.6200
2008.6655 1222.0300
2008.7461 1072.2400
2008.8321 827.7300
2008.9127 924.4000
2008.9988 1051.7200
2009.0821 1147.7300
2009.1573 1286.5800
2009.2488 1324.3800
2009.3294 1332.2500
2009.4155 1356.6900
2009.4961 1458.0400
2009.5821 1580.4400
2009.6655 1496.8400
2009.7461 1510.8700
2009.8321 1620.0800
2009.9127 1850.8800
2009.9988 1921.4800
2010.0821 2042.7900
2010.1573 2070.6600
2010.2488 1916.1800
2010.3294 2211.4800
2010.4155 2314.4500
2010.4961 2070.0200
2010.5821 2380.6900
2010.6655 2832.3800
2010.7461 2911.8700
2010.8321 3159.7000
2010.9127 3060.3800
2010.9988 3317.7800
2011.0821 2931.4700
2011.1573 3360.0300
2011.2488 2757.0500
2011.3294 2577.1300
2011.4155 2440.5300
2011.4961 2355.0800
2011.5821 2445.9700
2011.6655 2880.0000
2011.7461 2339.2300
2011.8321 2691.7600
2011.9127 2793.7100
2011.9988 2457.1000
2012.0821 2240.6700
2012.16 2531.6400
2012.2488 2123.4100
2012.3294 2099.5100
2012.4155 2045.0900
2012.4961 1997.4500
2012.5821 2022.0100
2012.6655 2127.7900
2012.7461 2083.5400
2012.8321 2083.2200
2012.9127 1910.9100
2012.9988 2221.0000
2013.0821 2451.9300
2013.1573 2384.2200
2013.2488 2175.6100
2013.3294 2125.0100
2013.4155 2250.0000
2013.4961 1949.9800
2013.5821 2043.8500
2013.6655 2138.5100
2013.7461 2254.5200
2013.8321 2351.3500
2013.9127 2601.4000
2013.9988 2641.8400
2014.0821 2321.5300
2014.1573 2351.1600
2014.2488 2290.8200
2014.3294 2336.4100
2014.4155 2494.4900
2014.4961 2431.5400
2014.5821 2498.4900
2014.6655 2550.6700
2014.7461 2951.4500
2014.8321 3051.4200
2014.9127 3273.6000
2014.9988 3183.8900
2015.0821 3495.8200
2015.1573 3362.9200
2015.2488 3940.5800
2015.3294 4630.9200
2015.4155 6056.7800
2015.4961 5573.2400
2015.5821 5051.8200
2015.6655 4626.3100
2015.7461 4285.8000
2015.8321 4628.6100
2015.9127 4638.7500
2015.9988 4704.7300
2016.0821 3385.3600
2016.16 3490.6200
2016.2488 3865.8300
2016.3294 4011.5900
2016.4155 3780.2700
2016.4961 3863.3300
2016.5821 3785.7800
2016.6655 3970.4800
2016.7461 3994.1400
2016.8321 4008.4100
2016.9127 4089.4200
2016.9988 4287.7300
2017.0821 4119.6700
2017.1573 4101.0300
2017.2488 3910.0800
2017.3294 3784.6200
2017.4155 3629.2400
2017.4961 3735.1700
2017.5821 3917.7300
2017.6655 3946.6400
2017.7461 4293.6200
2017.8321 4129.6100
2017.9127 3913.1300
2017.9988 4016.3200
2018.0821 3845.4100
2018.1573 3767.6700
2018.2488 3991.2200
2018.3294 3600.5900
2018.4155 3450.2900
2018.4961 3019.1300
2018.5821 3004.8600
2018.6655 2638.5600
2018.7461 2603.9500
2018.8321 2181.4100
2018.9127 2304.9900
2018.9988 2361.5000
2019.0821 2064.2700
2019.1573 2559.1800
2019.2488 2770.7200
2019.3294 2472.0000
2019.4155 3267.8300
2019.4961 3111.9400
2019.5821 2758.7300
2019.6655 2799.9000
2019.7461 2619.1500
2019.8321 2563.0000
2019.9127 2564.5800
2019.9988 2923.6400
2020.0821 3237.1000
2020.16 3114.0600
2020.2488 3549.2000
2020.3294 3346.4600
2020.4155 3422.5800
2020.4961 3384.5400
2020.5821 3927.0000
2020.6655 4673.4000
2020.7461 4040.8600
2020.8321 3855.5200
2020.9127 3925.2800
2020.9988 5031.9700
2021.0821 4476.2500
2021.1573 4848.9300
2021.2488 4137.2300
2021.3294 3870.3800
2021.4155 3985.2400
2021.4961 3885.6700
2021.5821 4841.1400
2021.6655 4795.8100
2021.7461 4736.3300
2021.8321 4668.8200
2021.9127 5223.8000
2021.9988 5260.7000
2022.0821 4387.0000
2022.1573 4640.5900
2022.2488 4880.6300
2022.3294 4272.1400
2022.4155 5406.1500
2022.4961 4752.0300
2022.5821 4349.1800
2022.6655 4535.2500
2022.7461 3933.5500
2022.8321 4144.8400
2022.9127 4454.5700
2022.9988 4496.5100
2023.0821 4765.0600
2023.1573 4630.0400
2023.2488 4462.0400
2023.3294 4086.0900
2023.4155 3922.1900
2023.4961 3965.7500
2023.5821 4345.3700
2023.6655 3959.1000
2023.7461 3845.4000
2023.8321 3908.9900
2023.9127 4065.8300
2023.9988 3536.9900
2024.0821 3065.9900
2024.16 3461.9500
2024.2488 3164.6900
2024.3294 2982.5600
2024.4155 2803.5800
2024.4961 2452.9100
2024.5821 2501.2900
2024.6655 2426.6400
2024.7461 2957.8800
2024.8321 3392.4200
2024.9127 3379.7600
2024.9988 3348.6700
2025.0821 3135.6400
2025.1573 3170.1000
2025.2488 2977.9000
2025.3294 3071.1400
2025.4155 3069.0300
2025.4961 3051.3500
2025.5821 3129.4200
2025.6655 3168.6400
2025.7461 3011.8200
2025.8321 3065.0600
2025.9127 3319.1600
2025.9988 3371.8600
2026.0821 3793.4500
2026.1573 3504.8300
2026.2488 3300.8300
2026.3294 3121.4200
2026.4155 2749.6600
2026.4961 2341.8000
2026.5821 2535.4000
2026.6655 3121.3100
2026.7461 3092.3900
