# x sw801010 sw801012 sw801014 sw801015 sw801016 sw801017 sw801018 sw850111 sw850113 sw850122 sw850151 sw850152 sw850154 sw850181
2021.0821 100.0000 100.0000 100.0000 100.0000 100.0000 100.0000 100.0000 100.0000 100.0000 100.0000 100.0000 100.0000 100.0000 100.0000
2021.1573 108.3078 90.6478 112.0386 104.9968 105.6456 117.4682 96.5230 108.3257 102.0312 104.3023 101.7511 77.6427 99.1125 96.5231
2021.2488 100.1167 87.1257 103.0656 103.3127 96.2018 106.0104 94.7548 92.4262 105.3784 102.5683 112.5696 69.6305 97.5760 94.7549
2021.3294 100.2267 89.2391 98.5603 102.8882 89.3765 108.9208 103.0347 86.4648 96.5771 103.6459 111.4373 70.3356 100.8342 103.0347
2021.4155 95.4937 99.3710 91.3898 115.7597 92.5096 93.3220 104.5676 89.0308 100.8232 117.3376 116.6919 80.2190 111.4971 104.5678
2021.4961 91.9459 92.1706 89.2921 114.0239 91.6397 91.2496 95.0877 86.8064 97.2996 117.5630 124.4019 74.5637 101.9104 95.0878
2021.5821 78.8412 82.4006 73.5182 102.1280 100.5862 70.7676 86.8940 108.1517 95.8842 105.0674 129.8803 61.6793 93.2682 86.8940
2021.6655 78.4772 82.7637 71.9977 107.0720 99.8643 71.2793 81.6528 107.1390 98.5123 107.8572 123.3986 61.1775 94.8708 81.6529
2021.7461 85.8748 86.5746 79.8613 108.3289 100.6172 83.8090 82.4522 105.8102 104.6329 108.7924 130.7383 62.7517 100.0497 82.4521
2021.8321 88.1883 85.7290 80.2835 103.1772 98.7045 91.4197 79.9851 104.3020 104.4494 104.9567 125.2154 56.3556 104.1551 79.9851
2021.9127 88.4555 90.0071 80.6657 106.4074 106.6925 86.4314 83.2808 116.7004 106.5523 108.3693 131.5189 57.6101 110.8244 83.2809
2021.9988 94.7656 90.5919 91.0685 121.6469 108.2782 93.4799 88.7011 117.5247 109.9258 124.3643 139.4118 59.1465 109.6745 88.7013
2022.0821 90.4073 81.3832 87.4709 118.5226 93.5505 93.5025 80.5929 98.0061 99.9651 122.9922 119.2283 53.3753 99.0664 80.5929
2022.1573 91.0941 84.4703 82.9389 120.4197 99.7344 93.7976 82.9996 103.6714 106.6372 123.7989 145.2126 52.4251 105.0335 82.9996
2022.2488 94.6994 85.7690 82.9360 137.8570 104.9276 100.1805 77.0769 109.0339 108.9290 140.5453 140.2722 54.4051 105.5584 77.0769
2022.3294 81.8104 74.9025 74.9995 101.7280 92.4095 86.2309 58.5227 95.4402 94.3202 103.3987 117.7585 47.7497 92.5084 58.5227
2022.4155 86.2938 83.2932 77.0302 115.1415 112.7643 85.9782 64.3603 120.7741 109.5686 112.5054 145.2114 49.4349 107.6742 64.3603
2022.4961 89.8199 83.6873 80.1069 111.5049 100.7665 94.7936 66.7503 106.1610 102.8721 111.9281 141.9764 53.5092 101.1682 66.7504
2022.5821 93.0209 78.3800 86.2326 114.7092 94.3386 102.7474 63.9524 97.1612 99.0229 114.5557 151.9146 47.1898 97.4072 63.9526
2022.6655 93.5049 79.4275 85.3369 121.1630 98.1339 101.8768 70.6010 101.3181 101.6305 119.4116 139.5080 48.0916 100.6023 70.6011
2022.7461 83.8007 71.4535 79.1942 102.2829 85.9389 90.4059 67.6143 87.8760 91.7757 101.6727 126.8551 43.7783 89.2222 67.6143
2022.8321 78.5584 67.0803 76.9510 102.3474 89.1781 80.8960 68.0623 92.5963 88.7917 101.5876 121.8233 40.1163 85.3094 68.0624
2022.9127 82.7456 73.0683 78.9208 115.7429 95.2890 84.5718 71.3438 99.5157 96.6344 114.1247 133.9569 43.5809 92.9043 71.3439
2022.9988 83.9304 75.2337 79.7430 122.6006 94.6055 86.5974 69.6419 100.4526 96.2593 122.0234 133.3814 45.4918 95.1832 69.6419
2023.0821 86.6851 76.6650 82.4034 115.3402 99.0865 88.8700 77.6969 106.4521 98.1089 114.4411 147.5884 46.3471 95.1685 77.6969
2023.1573 87.1887 78.2708 80.9409 123.0884 98.9970 88.6862 86.3438 103.4357 99.8506 120.9498 148.2049 47.7241 96.7720 86.3439
2023.2488 85.4883 75.9123 76.0640 115.0976 95.7006 89.5323 80.6702 99.6825 96.9370 111.6315 143.6220 45.0440 96.2539 80.6703
2023.3294 81.8889 75.9232 69.9258 111.9488 93.2257 85.9732 73.9267 91.2838 96.3896 106.8350 139.3134 45.2812 96.5111 73.9268
2023.4155 73.6568 71.6643 62.7437 108.4244 90.8164 73.8944 69.5129 87.6222 93.2845 106.5285 130.8485 42.3625 91.9784 69.5130
2023.4961 75.8546 72.2341 64.4595 114.3620 91.5376 77.6605 65.9498 88.5954 94.2327 113.5237 137.6197 42.1278 92.9046 65.9500
2023.5821 80.1034 75.0929 68.5926 122.1928 98.1442 81.9515 68.7782 97.0761 101.2074 121.8079 149.4227 44.9810 93.1015 68.7783
2023.6655 73.5528 69.0814 63.8401 137.1769 90.9421 73.5202 65.1934 88.4468 98.7998 139.8395 147.8756 39.5590 87.6047 65.1934
2023.7461 71.6754 66.8270 62.6281 118.8659 88.5447 71.9121 64.7657 85.9067 98.8314 120.5801 144.8879 38.1906 84.5995 64.7658
2023.8321 71.9671 66.7626 63.1927 109.2207 87.7614 73.2069 63.4728 87.3273 94.8841 109.6208 144.6828 38.6542 83.4931 63.4728
2023.9127 73.9197 68.0869 64.5455 125.0565 89.3390 75.1934 65.7128 90.8312 93.9208 126.9287 151.7787 39.0821 85.1506 65.7129
2023.9988 72.9119 64.9456 62.0811 111.8236 81.6137 77.1082 66.5357 79.0168 90.1623 111.2816 150.7648 37.0870 80.6586 66.5358
2024.0821 63.2698 57.3377 51.0863 97.1880 72.1903 68.3935 50.6255 68.4946 83.2876 92.6806 139.1083 31.9474 71.8964 50.6255
2024.1600 66.7964 61.3059 54.8376 89.9895 78.5012 71.8469 53.1501 77.3404 87.1362 90.0807 145.2606 34.4113 76.9037 53.1501
2024.2488 68.5620 59.6574 55.9051 102.5216 76.2253 75.4862 54.4939 70.6996 92.9831 103.6894 142.8555 32.6414 76.3468 54.4940
2024.3294 68.0444 60.2286 57.4516 88.4435 73.1226 74.8442 55.2577 66.6308 86.9421 87.8663 143.9385 33.2683 76.4715 55.2577
2024.4155 70.9897 60.8438 59.0679 83.6196 71.1362 81.2332 53.4612 62.6323 90.1538 82.5398 170.2638 32.1704 76.2737 53.4612
2024.4961 63.1712 53.6799 52.3507 68.6639 63.1889 73.4197 44.3508 54.7983 80.4312 66.4123 138.2597 28.8770 68.1725 44.3508
2024.5821 62.9995 53.4007 51.0657 71.3779 64.2130 73.4409 42.3065 55.8791 80.5102 68.8778 138.5140 28.8030 67.5206 42.3065
2024.6655 57.7333 50.4442 47.5400 72.7897 64.0672 64.9754 39.8482 54.2114 84.0996 70.8608 124.9622 27.6316 63.8656 39.8483
2024.7461 68.9821 62.7402 57.0454 89.7198 76.6745 76.7931 46.7541 66.0794 101.0120 88.6591 146.4421 35.9040 77.8022 46.7541
2024.8321 67.4001 61.2779 55.1494 92.0376 82.7049 72.8135 47.0783 75.7871 103.3025 91.0910 159.2367 33.7770 75.9427 47.0782
2024.9127 67.2226 63.4159 56.4313 106.9636 82.5411 70.3666 49.8269 75.5043 104.8606 107.8473 158.5288 35.5643 78.3852 49.8269
2024.9988 64.4701 60.3664 57.6548 95.7388 79.9889 66.3204 47.4590 74.8097 97.3568 94.6083 137.7311 33.5082 77.4535 47.4589
2025.0821 62.5464 58.3975 57.6462 90.8077 76.2522 64.0929 45.6549 70.0506 94.2162 90.3436 136.2812 31.9797 75.3219 45.6550
2025.1573 62.6740 59.3282 57.7206 91.6995 76.5753 64.1040 44.6235 70.8204 95.3401 91.8779 143.5880 32.8237 75.0082 44.6235
2025.2488 63.9087 59.2311 57.6880 92.0027 74.0826 66.7306 48.2412 66.5267 92.4660 91.5813 135.8041 32.4612 76.7382 48.2412
2025.3294 66.0724 61.1248 62.7010 90.4077 76.4971 67.7828 51.4586 68.6097 91.4954 89.6141 141.1126 33.4747 79.0902 51.4587
2025.4155 67.7094 62.3371 66.1676 95.6742 78.7232 67.9588 57.1931 68.5625 99.0268 95.0334 157.4587 32.7468 81.3517 57.1930
2025.4961 68.0574 62.0935 65.0815 97.4177 78.6932 69.0235 57.3832 68.1676 99.3677 96.2929 147.9928 32.2404 83.2191 57.3834
2025.5821 70.6700 64.7185 63.9525 103.9180 81.1445 72.8925 60.4835 69.9116 104.8836 102.3192 163.7247 33.6010 85.2322 60.4835
2025.6655 76.4380 75.2761 68.0032 103.0301 83.0678 79.7473 63.5575 70.7878 111.8505 101.1804 187.9203 35.9329 105.9881 63.5575
2025.7461 75.5105 71.4649 68.8820 99.8606 81.8127 79.0111 62.1346 67.2844 114.1719 97.8350 179.7344 33.8917 100.8677 62.1348
2025.8321 75.0622 73.0442 65.3823 100.7072 84.0738 76.7316 64.7454 68.4738 115.6820 98.0822 187.7105 34.9121 101.9049 64.7455
2025.9127 76.1978 73.7091 63.7460 115.4951 87.0166 76.8495 66.5121 74.1505 115.0543 108.2111 179.6066 33.9612 107.0030 66.5120
2025.9988 75.9425 72.9759 62.6960 107.6346 87.0832 75.2382 68.1620 75.3278 111.3636 102.4042 181.9801 33.2580 105.9543 68.1620
2026.0821 75.8315 77.8148 62.3143 118.4568 99.0270 71.4327 77.0154 84.7462 129.7223 113.1876 202.9338 34.7840 112.8711 77.0155
2026.1573 75.7235 75.2983 62.1655 116.8721 96.9557 72.1597 74.4970 78.2984 135.5481 110.2179 202.5048 33.5229 108.4550 74.4970
2026.2488 71.1145 71.3563 56.2096 103.3953 91.4135 68.5639 66.1824 73.7410 122.6646 98.6733 194.2485 33.1684 99.4907 66.1825
2026.3294 72.6768 72.1911 56.7770 100.8427 93.7708 71.4471 67.4016 69.7329 133.9894 97.2992 212.3739 32.1899 100.7455 67.4018
2026.4155 63.1873 65.4582 50.8687 91.2878 80.0452 61.5595 56.9390 61.4278 113.0230 88.7303 207.5038 29.3658 88.4102 56.9390
2026.4961 56.7562 58.7657 46.9378 76.5967 66.5337 55.8188 56.3897 52.3161 93.1523 74.1785 203.5034 25.6061 77.9738 56.3897
2026.5821 61.5503 62.5429 50.4227 85.3760 71.3224 62.0339 59.8925 56.6412 100.2099 83.4137 197.1788 28.6092 83.4797 59.8926
2026.6655 66.0987 71.5729 50.3122 97.1015 84.5068 65.4393 60.6660 69.7305 119.9754 93.8155 225.5248 33.8271 93.4032 60.6660
2026.7461 64.6564 70.8521 47.7876 95.0690 83.7105 63.6112 57.4931 69.0844 122.2797 90.6026 212.7759 34.8037 91.5681 57.4932
