x y
2021.0417 5.2300
2021.1250 5.1200
2021.2083 5.2800
2021.2917 4.8000
2021.3750 4.9600
2021.4583 4.8600
2021.5417 4.2700
2021.6250 4.5500
2021.7083 4.4900
2021.7917 4.4000
2021.8750 4.7600
2021.9583 5.0000
2022.0417 4.7400
2022.1250 5.1500
2022.2083 5.6300
2022.2917 4.4900
2022.3750 5.3200
2022.4583 5.4200
2022.5417 6.2800
2022.6250 7.5300
2022.7083 5.8500
2022.7917 5.5800
2022.8750 6.3600
2022.9583 5.6800
2023.0417 5.8700
2023.1250 6.1200
2023.2083 5.6000
2023.2917 5.0900
2023.3750 5.0500
2023.4583 5.4800
2023.5417 6.1300
2023.6250 5.9000
2023.7083 5.5700
2023.7917 5.7900
2023.8750 6.0800
2023.9583 6.2700
2024.0417 4.9900
2024.1250 4.0800
2024.2083 4.4600
2024.2917 4.2400
2024.3750 5.0300
2024.4583 4.2500
2024.5417 4.2600
2024.6250 4.3600
2024.7083 6.0500
2024.7917 9.4900
2024.8750 8.3100
2024.9583 6.6300
2025.0417 7.0600
2025.1250 7.0600
2025.2083 6.7000
2025.2917 6.4200
2025.3750 6.9000
2025.4583 7.2200
2025.5417 7.4800
2025.6250 7.7100
2025.7083 7.1300
2025.7917 7.1900
2025.8750 7.2300
2025.9583 6.6800
2026.0417 7.0000
2026.1250 7.1700
2026.2083 6.7000
2026.2917 7.1300
2026.3750 6.0600
2026.4583 4.9600
2026.5417 5.0500
2026.6250 5.7600
2026.7083 5.6900
