x y
2021.0417 8.4600
2021.1250 8.8500
2021.2083 8.9800
2021.2917 7.8000
2021.3750 7.8700
2021.4583 15.9000
2021.5417 11.0400
2021.6250 11.3400
2021.7083 10.1200
2021.7917 7.6200
2021.8750 7.9100
2021.9583 8.3600
2022.0417 7.5500
2022.1250 7.6500
2022.2083 7.9200
2022.2917 6.4800
2022.3750 6.9500
2022.4583 7.0200
2022.5417 7.3000
2022.6250 7.6500
2022.7083 6.9100
2022.7917 8.0300
2022.8750 8.1300
2022.9583 8.3200
2023.0417 9.0700
2023.1250 9.3000
2023.2083 8.5600
2023.2917 10.9000
2023.3750 10.3500
2023.4583 11.3000
2023.5417 9.7700
2023.6250 9.1600
2023.7083 8.8300
2023.7917 8.0500
2023.8750 8.5200
2023.9583 7.8900
2024.0417 6.8100
2024.1250 6.8500
2024.2083 7.7500
2024.2917 7.0800
2024.3750 6.6500
2024.4583 5.9900
2024.5417 5.8800
2024.6250 5.9800
2024.7083 7.0700
2024.7917 6.9500
2024.8750 7.5000
2024.9583 7.3700
2025.0417 7.2100
2025.1250 7.0800
2025.2083 7.1800
2025.2917 7.7300
2025.3750 7.8200
2025.4583 7.8100
2025.5417 8.1500
2025.6250 7.9900
2025.7083 10.3700
2025.7917 13.0600
2025.8750 12.6100
2025.9583 14.5900
2026.0417 16.4100
2026.1250 18.3700
2026.2083 15.9400
2026.2917 17.2400
2026.3750 13.4400
2026.4583 11.3600
2026.5417 10.2400
2026.6250 11.8000
2026.7083 10.6400
