x y
2021.0417 28.6500
2021.1250 28.8000
2021.2083 25.7500
2021.2917 26.4400
2021.3750 24.8400
2021.4583 23.8800
2021.5417 18.6600
2021.6250 17.6900
2021.7083 21.6000
2021.7917 22.4400
2021.8750 21.9100
2021.9583 24.1700
2022.0417 21.1500
2022.1250 19.7100
2022.2083 19.8200
2022.2917 16.3000
2022.3750 17.5700
2022.4583 19.1800
2022.5417 19.7800
2022.6250 22.3200
2022.7083 19.3600
2022.7917 21.9600
2022.8750 25.0600
2022.9583 23.6900
2023.0417 24.5700
2023.1250 24.8400
2023.2083 24.6600
2023.2917 21.4000
2023.3750 18.9200
2023.4583 19.1500
2023.5417 21.3900
2023.6250 19.4800
2023.7083 19.2000
2023.7917 18.0000
2023.8750 18.1500
2023.9583 17.1800
2024.0417 14.9300
2024.1250 16.2900
2024.2083 16.3900
2024.2917 15.6600
2024.3750 16.4300
2024.4583 13.6400
2024.5417 13.4700
2024.6250 12.1700
2024.7083 13.8700
2024.7917 14.3100
2024.8750 14.0000
2024.9583 14.4800
2025.0417 14.1100
2025.1250 13.5900
2025.2083 15.0200
2025.2917 16.0400
2025.3750 15.0600
2025.4583 14.2900
2025.5417 15.9600
2025.6250 17.7400
2025.7083 18.0300
2025.7917 16.9200
2025.8750 16.1600
2025.9583 16.5400
2026.0417 17.2200
2026.1250 19.3000
2026.2083 17.7000
2026.2917 18.6000
2026.3750 16.9900
2026.4583 15.1600
2026.5417 16.7200
2026.6250 16.5800
2026.7083 15.7000
