x y
2021.0417 14.2700
2021.1250 17.5500
2021.2083 17.3100
2021.2917 14.1700
2021.3750 7.3000
2021.4583 7.0100
2021.5417 5.6200
2021.6250 5.5000
2021.7083 5.9600
2021.7917 6.2800
2021.8750 6.3300
2021.9583 6.4400
2022.0417 6.2000
2022.1250 6.5900
2022.2083 8.7600
2022.2917 6.6000
2022.3750 6.4500
2022.4583 6.7200
2022.5417 7.4900
2022.6250 7.4500
2022.7083 6.7900
2022.7917 6.0400
2022.8750 6.2800
2022.9583 6.1100
2023.0417 6.1500
2023.1250 6.0800
2023.2083 5.8000
2023.2917 5.2500
2023.3750 4.3300
2023.4583 4.5400
2023.5417 5.0400
2023.6250 4.4700
2023.7083 4.1800
2023.7917 3.9400
2023.8750 3.9000
2023.9583 3.6300
2024.0417 2.9800
2024.1250 3.0500
2024.2083 3.0800
2024.2917 2.7100
2024.3750 2.5200
2024.4583 2.0900
2024.5417 2.3800
2024.6250 2.3900
2024.7083 2.3900
2024.7917 2.8500
2024.8750 3.2800
2024.9583 2.7900
2025.0417 2.9800
2025.1250 2.6700
2025.2083 3.0700
2025.2917 3.2700
2025.3750 3.1200
2025.4583 2.9500
2025.5417 3.0400
2025.6250 3.0300
2025.7083 2.9200
2025.7917 2.8800
2025.8750 2.7100
2025.9583 2.7400
2026.0417 2.7500
2026.1250 2.5200
2026.2083 2.3600
2026.2917 2.6100
2026.3750 2.5700
2026.4583 2.1100
2026.5417 2.2200
2026.6250 2.3200
2026.7083 2.0700
