x y
2021.0417 88.9000
2021.1250 113.9000
2021.2083 100.0300
2021.2917 113.1100
2021.3750 89.0800
2021.4583 60.8200
2021.5417 42.2700
2021.6250 42.3100
2021.7083 51.9000
2021.7917 57.1100
2021.8750 52.4000
2021.9583 53.3600
2022.0417 54.5900
2022.1250 57.0800
2022.2083 56.8600
2022.2917 52.2300
2022.3750 51.1800
2022.4583 55.2700
2022.5417 59.6000
2022.6250 58.6200
2022.7083 54.5200
2022.7917 46.7800
2022.8750 48.0700
2022.9583 48.7500
2023.0417 49.9400
2023.1250 49.5400
2023.2083 49.0000
2023.2917 47.8700
2023.3750 40.0500
2023.4583 42.1500
2023.5417 44.4500
2023.6250 40.5800
2023.7083 37.8900
2023.7917 37.7600
2023.8750 39.0800
2023.9583 41.1800
2024.0417 35.2500
2024.1250 38.4900
2024.2083 43.1500
2024.2917 43.6200
2024.3750 47.1500
2024.4583 43.6000
2024.5417 43.7200
2024.6250 38.5600
2024.7083 46.3100
2024.7917 43.6400
2024.8750 40.7300
2024.9583 38.4400
2025.0417 37.2100
2025.1250 36.2900
2025.2083 38.7300
2025.2917 39.6700
2025.3750 40.4400
2025.4583 42.0100
2025.5417 46.3600
2025.6250 54.9600
2025.7083 53.0000
2025.7917 50.3000
2025.8750 50.7500
2025.9583 50.5800
2026.0417 46.0000
2026.1250 46.9000
2026.2083 41.7100
2026.2917 44.7000
2026.3750 38.0700
2026.4583 34.9900
2026.5417 39.2600
2026.6250 42.3100
2026.7083 40.4800
