x y
2021.0417 6.2600
2021.1250 6.6200
2021.2083 7.3300
2021.2917 6.8900
2021.3750 7.6900
2021.4583 7.2800
2021.5417 7.1100
2021.6250 6.7600
2021.7083 6.8400
2021.7917 6.5000
2021.8750 6.7100
2021.9583 6.9600
2022.0417 6.6500
2022.1250 7.6500
2022.2083 8.5200
2022.2917 7.1400
2022.3750 9.0500
2022.4583 7.7100
2022.5417 7.8200
2022.6250 7.8600
2022.7083 6.8800
2022.7917 6.8800
2022.8750 7.5900
2022.9583 7.5100
2023.0417 7.7700
2023.1250 8.2900
2023.2083 7.7900
2023.2917 7.5900
2023.3750 7.4600
2023.4583 7.4200
2023.5417 8.1500
2023.6250 7.2400
2023.7083 7.3000
2023.7917 7.2500
2023.8750 7.5600
2023.9583 7.5400
2024.0417 6.6700
2024.1250 6.9000
2024.2083 6.6300
2024.2917 6.5400
2024.3750 6.4500
2024.4583 5.7400
2024.5417 5.9800
2024.6250 5.9400
2024.7083 6.7500
2024.7917 6.8100
2024.8750 7.1900
2024.9583 6.5700
2025.0417 6.4600
2025.1250 6.4800
2025.2083 6.4200
2025.2917 6.7200
2025.3750 6.8400
2025.4583 6.6600
2025.5417 6.8100
2025.6250 6.9700
2025.7083 6.5300
2025.7917 6.9800
2025.8750 7.2000
2025.9583 6.9500
2026.0417 7.3900
2026.1250 7.2000
2026.2083 7.7900
2026.2917 7.6900
2026.3750 6.4500
2026.4583 5.6700
2026.5417 6.1200
2026.6250 7.2000
2026.7083 6.7800
