x y
2021.0417 10.7600
2021.1250 12.4100
2021.2083 10.8000
2021.2917 10.1000
2021.3750 9.3800
2021.4583 8.9100
2021.5417 7.2900
2021.6250 7.3100
2021.7083 8.6200
2021.7917 8.7700
2021.8750 8.9500
2021.9583 10.7000
2022.0417 10.6400
2022.1250 11.1900
2022.2083 12.1700
2022.2917 8.9600
2022.3750 9.9500
2022.4583 9.7200
2022.5417 12.1300
2022.6250 11.7900
2022.7083 9.2100
2022.7917 8.4300
2022.8750 8.6200
2022.9583 8.3100
2023.0417 8.9700
2023.1250 9.0600
2023.2083 8.9100
2023.2917 8.6300
2023.3750 8.0700
2023.4583 8.2500
2023.5417 8.4200
2023.6250 7.2200
2023.7083 7.0600
2023.7917 7.2600
2023.8750 7.8200
2023.9583 8.7700
2024.0417 7.1400
2024.1250 7.4300
2024.2083 7.6500
2024.2917 7.2500
2024.3750 8.1300
2024.4583 6.9300
2024.5417 6.9000
2024.6250 6.5100
2024.7083 7.1700
2024.7917 6.7700
2024.8750 6.7100
2024.9583 6.5500
2025.0417 6.3000
2025.1250 6.1400
2025.2083 6.1900
2025.2917 6.3500
2025.3750 6.4900
2025.4583 6.1900
2025.5417 6.3900
2025.6250 6.6300
2025.7083 7.3700
2025.7917 7.3800
2025.8750 7.2600
2025.9583 7.3700
2026.0417 7.2600
2026.1250 7.1900
2026.2083 7.2800
2026.2917 7.9500
2026.3750 6.6000
2026.4583 6.3100
2026.5417 7.2800
2026.6250 7.8500
2026.7083 7.5800
