x y
2021.0417 3.2000
2021.1250 3.1800
2021.2083 2.9800
2021.2917 2.7000
2021.3750 2.3700
2021.4583 2.9800
2021.5417 2.5400
2021.6250 2.9700
2021.7083 3.1600
2021.7917 2.9000
2021.8750 3.9600
2021.9583 3.0800
2022.0417 2.7600
2022.1250 2.7300
2022.2083 2.6300
2022.2917 2.7900
2022.3750 2.5200
2022.4583 2.4000
2022.5417 2.4100
2022.6250 2.5500
2022.7083 2.4400
2022.7917 2.2700
2022.8750 2.3500
2022.9583 2.3100
2023.0417 2.4200
2023.1250 2.6400
2023.2083 2.6700
2023.2917 2.7300
2023.3750 2.8600
2023.4583 2.5800
2023.5417 2.7200
2023.6250 2.5700
2023.7083 2.4000
2023.7917 2.3700
2023.8750 2.4500
2023.9583 2.3800
2024.0417 2.0700
2024.1250 1.9600
2024.2083 1.9800
2024.2917 1.7600
2024.3750 1.6600
2024.4583 1.4300
2024.5417 1.5900
2024.6250 1.5800
2024.7083 2.0000
2024.7917 2.2800
2024.8750 2.5600
2024.9583 2.3900
2025.0417 2.3200
2025.1250 2.5300
2025.2083 2.3100
2025.2917 2.2600
2025.3750 2.3100
2025.4583 2.3600
2025.5417 2.5100
2025.6250 2.6600
2025.7083 2.9700
2025.7917 2.9000
2025.8750 2.7800
2025.9583 2.3000
2026.0417 2.5000
2026.1250 2.3600
2026.2083 2.1500
2026.2917 2.1300
2026.3750 1.9000
2026.4583 1.6700
2026.5417 1.8700
2026.6250 2.0800
2026.7083 2.2700
