x y
2021.0417 15.8700
2021.1250 17.0800
2021.2083 13.3200
2021.2917 12.7300
2021.3750 12.8900
2021.4583 8.7700
2021.5417 9.6400
2021.6250 9.1300
2021.7083 9.1100
2021.7917 8.6500
2021.8750 9.0500
2021.9583 9.7000
2022.0417 8.9200
2022.1250 9.6500
2022.2083 9.7200
2022.2917 8.2100
2022.3750 10.8800
2022.4583 9.1700
2022.5417 8.8100
2022.6250 9.1600
2022.7083 8.1100
2022.7917 8.2700
2022.8750 8.8000
2022.9583 9.0100
2023.0417 9.3600
2023.1250 8.9700
2023.2083 9.6000
2023.2917 9.0100
2023.3750 8.8900
2023.4583 8.7800
2023.5417 9.4600
2023.6250 8.8300
2023.7083 8.7300
2023.7917 8.1400
2023.8750 8.5800
2023.9583 7.6700
2024.0417 6.7700
2024.1250 7.5000
2024.2083 6.7200
2024.2917 6.3500
2024.3750 6.1600
2024.4583 5.4300
2024.5417 5.5000
2024.6250 5.4900
2024.7083 6.5900
2024.7917 7.4600
2024.8750 7.4700
2024.9583 7.0500
2025.0417 7.2600
2025.1250 7.0600
2025.2083 6.9500
2025.2917 7.0900
2025.3750 6.9500
2025.4583 7.0300
2025.5417 7.1300
2025.6250 7.1600
2025.7083 6.8200
2025.7917 6.8800
2025.8750 6.9500
2025.9583 6.6200
2026.0417 7.3800
2026.1250 7.0200
2026.2083 6.5200
2026.2917 6.5000
2026.3750 5.8800
2026.4583 5.2200
2026.5417 5.7500
2026.6250 6.4900
2026.7083 6.3500
