x y
2021.0417 57.7000
2021.1250 62.9800
2021.2083 53.9500
2021.2917 46.3800
2021.3750 44.9300
2021.4583 42.6500
2021.5417 35.9600
2021.6250 35.5300
2021.7083 39.2100
2021.7917 40.9600
2021.8750 38.1300
2021.9583 48.7900
2022.0417 45.4600
2022.1250 40.3800
2022.2083 43.2600
2022.2917 33.6200
2022.3750 36.8400
2022.4583 41.1800
2022.5417 39.1000
2022.6250 43.0300
2022.7083 36.7200
2022.7917 39.4800
2022.8750 42.3500
2022.9583 43.0200
2023.0417 45.0100
2023.1250 47.1500
2023.2083 43.3000
2023.2917 37.5000
2023.3750 35.3000
2023.4583 34.7300
2023.5417 36.4900
2023.6250 32.3500
2023.7083 21.8000
2023.7917 21.8300
2023.8750 22.6900
2023.9583 21.3100
2024.0417 16.9800
2024.1250 15.1700
2024.2083 18.0400
2024.2917 16.5300
2024.3750 17.5000
2024.4583 15.0800
2024.5417 16.8300
2024.6250 15.9600
2024.7083 17.8900
2024.7917 18.7400
2024.8750 19.4500
2024.9583 17.8500
2025.0417 17.7900
2025.1250 17.5000
2025.2083 18.9700
2025.2917 20.4300
2025.3750 16.3800
2025.4583 15.2400
2025.5417 15.7600
2025.6250 15.4300
2025.7083 14.4900
2025.7917 14.8300
2025.8750 14.6300
2025.9583 13.7400
2026.0417 14.8100
2026.1250 14.8000
2026.2083 13.5000
2026.2917 14.5000
2026.3750 12.4600
2026.4583 10.5500
2026.5417 11.5900
2026.6250 12.8600
2026.7083 12.4200
