x y
2021.0417 8.1800
2021.1250 8.6000
2021.2083 8.3100
2021.2917 8.3000
2021.3750 8.3300
2021.4583 7.8900
2021.5417 6.7200
2021.6250 6.7400
2021.7083 6.9300
2021.7917 6.8400
2021.8750 6.8700
2021.9583 7.1300
2022.0417 6.6900
2022.1250 6.6600
2022.2083 6.6300
2022.2917 5.8000
2022.3750 6.2300
2022.4583 6.8200
2022.5417 6.7200
2022.6250 6.9600
2022.7083 6.3000
2022.7917 6.3000
2022.8750 6.7500
2022.9583 7.0700
2023.0417 6.9600
2023.1250 7.9800
2023.2083 7.8700
2023.2917 7.4800
2023.3750 6.8100
2023.4583 6.5400
2023.5417 6.8800
2023.6250 6.0300
2023.7083 5.7200
2023.7917 5.8200
2023.8750 5.8300
2023.9583 5.7700
2024.0417 4.9500
2024.1250 5.2800
2024.2083 5.2500
2024.2917 4.9400
2024.3750 4.8900
2024.4583 4.3300
2024.5417 4.9900
2024.6250 4.9100
2024.7083 5.7600
2024.7917 6.1400
2024.8750 6.7100
2024.9583 6.6600
2025.0417 6.1300
2025.1250 6.1400
2025.2083 6.0300
2025.2917 5.9100
2025.3750 5.6500
2025.4583 6.1700
2025.5417 6.3200
2025.6250 6.3300
2025.7083 6.3900
2025.7917 7.3300
2025.8750 8.6400
2025.9583 9.0400
2026.0417 8.4500
2026.1250 7.8400
2026.2083 6.6800
2026.2917 6.5800
2026.3750 5.5900
2026.4583 4.7500
2026.5417 5.2600
2026.6250 5.6900
2026.7083 5.6400
