x y
2021.0417 3.2300
2021.1250 3.6200
2021.2083 3.6800
2021.2917 3.3500
2021.3750 3.6100
2021.4583 3.4000
2021.5417 2.9700
2021.6250 2.9800
2021.7083 2.8400
2021.7917 2.9200
2021.8750 2.9000
2021.9583 3.2900
2022.0417 3.3500
2022.1250 3.8500
2022.2083 4.2900
2022.2917 3.4600
2022.3750 3.2100
2022.4583 3.5300
2022.5417 4.0000
2022.6250 4.3800
2022.7083 3.4800
2022.7917 3.5800
2022.8750 3.8800
2022.9583 3.6000
2023.0417 3.7500
2023.1250 3.8500
2023.2083 3.5700
2023.2917 3.8200
2023.3750 4.8000
2023.4583 4.2200
2023.5417 4.9500
2023.6250 4.5300
2023.7083 4.1900
2023.7917 4.3000
2023.8750 4.5700
2023.9583 4.4900
2024.0417 3.8600
2024.1250 3.3700
2024.2083 3.5300
2024.2917 3.2400
2024.3750 2.9700
2024.4583 2.4200
2024.5417 2.5500
2024.6250 2.6100
2024.7083 3.0700
2024.7917 3.1900
2024.8750 3.7100
2024.9583 3.6700
2025.0417 3.6400
2025.1250 3.6300
2025.2083 3.6200
2025.2917 3.6100
2025.3750 3.9200
2025.4583 3.8800
2025.5417 4.2200
2025.6250 4.3600
2025.7083 3.9600
2025.7917 3.7800
2025.8750 4.1200
2025.9583 3.7300
2026.0417 3.8800
2026.1250 3.9900
2026.2083 3.7500
2026.2917 3.8900
2026.3750 3.4100
2026.4583 2.9400
2026.5417 3.1700
2026.6250 3.7300
2026.7083 3.6700
