x y
2021.0417 12.5900
2021.1250 13.7100
2021.2083 13.1400
2021.2917 14.9400
2021.3750 15.3600
2021.4583 14.5100
2021.5417 12.9200
2021.6250 12.8200
2021.7083 13.7900
2021.7917 12.9300
2021.8750 15.7900
2021.9583 16.7500
2022.0417 13.2000
2022.1250 13.1400
2022.2083 12.5600
2022.2917 10.3600
2022.3750 10.2800
2022.4583 12.9000
2022.5417 12.0400
2022.6250 15.3600
2022.7083 11.1000
2022.7917 9.9700
2022.8750 11.9500
2022.9583 13.8400
2023.0417 11.8500
2023.1250 12.2100
2023.2083 12.1200
2023.2917 14.8600
2023.3750 13.8400
2023.4583 12.9300
2023.5417 12.3400
2023.6250 11.3400
2023.7083 11.2400
2023.7917 11.1900
2023.8750 11.2700
2023.9583 10.8200
2024.0417 8.6000
2024.1250 8.1400
2024.2083 8.5300
2024.2917 8.2900
2024.3750 8.3200
2024.4583 7.2000
2024.5417 6.9800
2024.6250 6.4500
2024.7083 7.8000
2024.7917 7.9400
2024.8750 9.0600
2024.9583 8.2600
2025.0417 8.2300
2025.1250 8.3000
2025.2083 8.7600
2025.2917 9.7000
2025.3750 9.7200
2025.4583 9.5600
2025.5417 12.1300
2025.6250 11.4300
2025.7083 11.1600
2025.7917 10.6900
2025.8750 10.6700
2025.9583 10.5500
2026.0417 11.6800
2026.1250 11.0700
2026.2083 9.7800
2026.2917 9.0900
2026.3750 7.9600
2026.4583 7.0900
2026.5417 7.7100
2026.6250 8.5800
2026.7083 8.0900
