x y
2021.2917 73.9300
2021.3750 59.0000
2021.4583 40.9400
2021.5417 33.8800
2021.6250 34.8100
2021.7083 37.2600
2021.7917 36.5200
2021.8750 36.3000
2021.9583 38.5800
2022.0417 34.5300
2022.1250 42.0900
2022.2083 43.6000
2022.2917 37.5800
2022.3750 39.8800
2022.4583 38.5800
2022.5417 40.7000
2022.6250 37.9400
2022.7083 32.2500
2022.7917 30.2000
2022.8750 30.1300
2022.9583 28.7200
2023.0417 29.6100
2023.1250 30.5900
2023.2083 30.1800
2023.2917 25.1100
2023.3750 23.3100
2023.4583 24.0900
2023.5417 25.8800
2023.6250 23.4900
2023.7083 22.8900
2023.7917 22.5900
2023.8750 24.5200
2023.9583 24.1400
2024.0417 18.5100
2024.1250 17.8100
2024.2083 22.4000
2024.2917 21.1000
2024.3750 23.7900
2024.4583 18.5400
2024.5417 16.4800
2024.6250 15.1200
2024.7083 17.5500
2024.7917 16.0600
2024.8750 16.3100
2024.9583 15.8200
2025.0417 14.3800
2025.1250 14.0900
2025.2083 14.4500
2025.2917 14.2800
2025.3750 14.6000
2025.4583 15.5600
2025.5417 17.1100
2025.6250 16.4600
2025.7083 15.9200
2025.7917 15.8300
2025.8750 15.3900
2025.9583 14.5700
2026.0417 15.3100
2026.1250 14.9700
2026.2083 13.1600
2026.2917 13.2300
2026.3750 11.7600
2026.4583 10.8600
2026.5417 11.3200
2026.6250 12.5400
2026.7083 14.6600
