x y
2021.0417 5.0500
2021.1250 5.8300
2021.2083 5.7000
2021.2917 6.2200
2021.3750 6.9900
2021.4583 7.1200
2021.5417 6.2400
2021.6250 6.0600
2021.7083 5.9100
2021.7917 5.3400
2021.8750 5.6500
2021.9583 6.1300
2022.0417 5.4800
2022.1250 5.5800
2022.2083 5.2900
2022.2917 4.2100
2022.3750 4.6500
2022.4583 4.7500
2022.5417 4.7100
2022.6250 5.3800
2022.7083 5.2500
2022.7917 5.0500
2022.8750 5.4100
2022.9583 5.1400
2023.0417 5.6700
2023.1250 5.5200
2023.2083 5.2800
2023.2917 5.0300
2023.3750 4.9500
2023.4583 4.7200
2023.5417 4.9100
2023.6250 4.8600
2023.7083 4.9700
2023.7917 4.9700
2023.8750 5.0100
2023.9583 4.8100
2024.0417 3.8800
2024.1250 3.6500
2024.2083 3.9700
2024.2917 4.2800
2024.3750 4.5900
2024.4583 3.6300
2024.5417 3.7400
2024.6250 3.7200
2024.7083 4.2100
2024.7917 4.4200
2024.8750 4.5900
2024.9583 4.4700
2025.0417 4.3600
2025.1250 4.3600
2025.2083 4.7200
2025.2917 6.0900
2025.3750 6.2700
2025.4583 6.2100
2025.5417 6.9300
2025.6250 7.1000
2025.7083 6.6900
2025.7917 6.3000
2025.8750 6.1700
2025.9583 5.9500
2026.0417 6.5100
2026.1250 6.2900
2026.2083 5.8100
2026.2917 6.0200
2026.3750 5.5200
2026.4583 4.6200
2026.5417 5.0700
2026.6250 5.1600
2026.7083 5.1500
