x y
2021.0417 10.8900
2021.1250 9.2500
2021.2083 8.9800
2021.2917 9.0900
2021.3750 9.9600
2021.4583 9.0100
2021.5417 8.5500
2021.6250 9.3500
2021.7083 10.1100
2021.7917 10.6400
2021.8750 11.6800
2021.9583 10.8700
2022.0417 9.7000
2022.1250 10.4700
2022.2083 9.5500
2022.2917 8.2100
2022.3750 9.9300
2022.4583 9.0400
2022.5417 8.6800
2022.6250 8.8400
2022.7083 8.0400
2022.7917 8.0600
2022.8750 8.7500
2022.9583 8.3600
2023.0417 8.6800
2023.1250 8.8100
2023.2083 8.4800
2023.2917 7.8900
2023.3750 7.9200
2023.4583 8.1000
2023.5417 7.6200
2023.6250 6.8900
2023.7083 6.8600
2023.7917 6.8200
2023.8750 6.8000
2023.9583 6.6400
2024.0417 5.9700
2024.1250 6.2500
2024.2083 5.7600
2024.2917 6.3000
2024.3750 6.1900
2024.4583 5.0300
2024.5417 5.1100
2024.6250 4.8700
2024.7083 5.7900
2024.7917 5.8300
2024.8750 5.9200
2024.9583 5.5500
2025.0417 5.3600
2025.1250 5.5500
2025.2083 5.4100
2025.2917 5.4700
2025.3750 5.5200
2025.4583 5.5800
2025.5417 5.8500
2025.6250 6.1800
2025.7083 5.9500
2025.7917 5.9300
2025.8750 5.8100
2025.9583 5.7700
2026.0417 6.7400
2026.1250 6.7700
2026.2083 6.7500
2026.2917 6.0800
2026.3750 5.1100
2026.4583 4.2500
2026.5417 4.7400
2026.6250 4.9700
2026.7083 5.2600
