x y
2021.0417 48.7200
2021.1250 49.5000
2021.2083 44.5800
2021.2917 50.1100
2021.3750 41.2900
2021.4583 41.0000
2021.5417 33.2800
2021.6250 29.5700
2021.7083 31.9800
2021.7917 29.4100
2021.8750 30.9700
2021.9583 30.2400
2022.0417 24.9300
2022.1250 25.0400
2022.2083 20.7600
2022.2917 20.2400
2022.3750 22.7400
2022.4583 25.4200
2022.5417 25.2200
2022.6250 27.7300
2022.7083 29.3000
2022.7917 19.6700
2022.8750 22.0100
2022.9583 22.3100
2023.0417 23.6100
2023.1250 25.0200
2023.2083 23.7100
2023.2917 21.6700
2023.3750 22.8000
2023.4583 24.1400
2023.5417 25.0600
2023.6250 24.0500
2023.7083 23.4500
2023.7917 24.5100
2023.8750 24.5700
2023.9583 26.3500
2024.0417 22.2500
2024.1250 23.6100
2024.2083 23.7800
2024.2917 25.1800
2024.3750 22.6900
2024.4583 20.8700
2024.5417 19.1600
2024.6250 21.3800
2024.7083 24.4800
2024.7917 30.0000
2024.8750 32.8800
2024.9583 35.7000
2025.0417 38.2400
2025.1250 37.2700
2025.2083 43.1800
2025.2917 56.4500
2025.3750 62.8600
2025.4583 61.8700
2025.5417 56.8000
2025.6250 59.4400
2025.7083 53.2100
2025.7917 57.2000
2025.8750 56.3700
2025.9583 51.7600
2026.0417 49.6900
2026.1250 47.2500
2026.2083 36.1300
2026.2917 33.6500
2026.3750 29.7500
2026.4583 26.7200
2026.5417 33.2800
2026.6250 28.1800
2026.7083 27.8300
