x y
2021.0417 13.3400
2021.1250 15.3200
2021.2083 15.5000
2021.2917 14.7100
2021.3750 14.4800
2021.4583 15.0300
2021.5417 13.3500
2021.6250 13.4200
2021.7083 16.2800
2021.7917 15.9600
2021.8750 15.2100
2021.9583 17.1600
2022.0417 15.0000
2022.1250 15.5300
2022.2083 16.6500
2022.2917 14.9900
2022.3750 15.9500
2022.4583 15.9400
2022.5417 16.4100
2022.6250 16.6300
2022.7083 14.6700
2022.7917 15.9800
2022.8750 18.7700
2022.9583 19.3400
2023.0417 22.6500
2023.1250 22.0700
2023.2083 21.0600
2023.2917 19.1300
2023.3750 17.5300
2023.4583 18.2100
2023.5417 19.5600
2023.6250 14.8100
2023.7083 13.7500
2023.7917 12.6200
2023.8750 13.0300
2023.9583 12.1000
2024.0417 10.1000
2024.1250 10.1900
2024.2083 11.0000
2024.2917 10.0400
2024.3750 10.1900
2024.4583 9.4800
2024.5417 8.6500
2024.6250 7.8800
2024.7083 9.1600
2024.7917 8.4900
2024.8750 9.5200
2024.9583 8.8900
2025.0417 8.1900
2025.1250 8.2200
2025.2083 9.0600
2025.2917 8.2000
2025.3750 8.3600
2025.4583 8.1500
2025.5417 8.6700
2025.6250 8.7400
2025.7083 8.4400
2025.7917 9.0100
2025.8750 9.5500
2025.9583 8.6200
2026.0417 9.4800
2026.1250 9.5300
2026.2083 8.2100
2026.2917 8.6500
2026.3750 7.3600
2026.4583 6.4100
2026.5417 7.0400
2026.6250 8.2400
2026.7083 7.7500
