x y
2022.1250 13.6000
2022.2083 15.1500
2022.2917 12.2000
2022.3750 13.3000
2022.4583 12.2600
2022.5417 11.2900
2022.6250 10.6300
2022.7083 8.8100
2022.7917 8.9200
2022.8750 9.8300
2022.9583 9.4000
2023.0417 9.4400
2023.1250 9.8500
2023.2083 9.5500
2023.2917 8.8600
2023.3750 8.8900
2023.4583 7.9000
2023.5417 8.7500
2023.6250 8.4600
2023.7083 9.1000
2023.7917 9.2000
2023.8750 9.4200
2023.9583 8.6200
2024.0417 7.3200
2024.1250 7.2700
2024.2083 8.0500
2024.2917 9.0000
2024.3750 8.2800
2024.4583 7.5200
2024.5417 6.9200
2024.6250 6.9800
2024.7083 7.9600
2024.7917 7.2200
2024.8750 7.5500
2024.9583 8.7400
2025.0417 8.6900
2025.1250 9.1300
2025.2083 8.7000
2025.2917 8.4000
2025.3750 7.9100
2025.4583 7.7000
2025.5417 7.8900
2025.6250 7.7200
2025.7083 7.1200
2025.7917 7.1800
2025.8750 8.1300
2025.9583 7.3200
2026.0417 7.8900
2026.1250 7.7800
2026.2083 7.7700
2026.2917 8.4700
2026.3750 8.3700
2026.4583 7.0900
2026.5417 7.2000
2026.6250 8.2100
2026.7083 7.3100
