x y
2021.0417 8.0300
2021.1250 7.7100
2021.2083 7.1200
2021.2917 6.0800
2021.3750 5.9500
2021.4583 5.7800
2021.5417 5.1600
2021.6250 5.1100
2021.7083 5.5600
2021.7917 5.6000
2021.8750 5.6900
2021.9583 5.8700
2022.0417 6.2400
2022.1250 6.4500
2022.2083 8.1600
2022.2917 6.0700
2022.3750 6.3600
2022.4583 6.7000
2022.5417 7.3800
2022.6250 6.8900
2022.7083 5.8400
2022.7917 5.6000
2022.8750 5.8800
2022.9583 6.0100
2023.0417 5.8800
2023.1250 5.9400
2023.2083 5.6300
2023.2917 5.0600
2023.3750 5.2600
2023.4583 7.6600
2023.5417 7.0500
2023.6250 6.9700
2023.7083 7.2500
2023.7917 6.1800
2023.8750 7.0200
2023.9583 5.6300
2024.0417 4.5900
2024.1250 4.4300
2024.2083 5.0500
2024.2917 4.4000
2024.3750 4.4500
2024.4583 4.0600
2024.5417 3.8400
2024.6250 3.7200
2024.7083 4.3400
2024.7917 4.3100
2024.8750 4.3000
2024.9583 3.9700
2025.0417 3.8500
2025.1250 3.7500
2025.2083 3.7400
2025.2917 3.7600
2025.3750 3.8600
2025.4583 3.8000
2025.5417 4.0000
2025.6250 4.2200
2025.7083 5.0300
2025.7917 4.9400
2025.8750 5.4500
2025.9583 6.0800
2026.0417 6.7100
2026.1250 7.1800
2026.2083 5.3100
2026.2917 5.3900
2026.3750 4.1000
2026.4583 3.6900
2026.5417 3.8300
2026.6250 4.3000
2026.7083 3.8200
