x y
2021.0417 65.8100
2021.1250 79.5000
2021.2083 78.0000
2021.2917 83.4000
2021.3750 79.1100
2021.4583 81.6000
2021.5417 62.8000
2021.6250 64.2500
2021.7083 67.4000
2021.7917 65.6500
2021.8750 64.1600
2021.9583 73.3000
2022.0417 71.8500
2022.1250 65.8800
2022.2083 54.9000
2022.2917 61.6800
2022.3750 59.8800
2022.4583 60.0100
2022.5417 65.6700
2022.6250 61.0000
2022.7083 60.2800
2022.7917 57.7500
2022.8750 56.5700
2022.9583 61.7300
2023.0417 62.3400
2023.1250 63.5200
2023.2083 58.3300
2023.2917 54.8900
2023.3750 46.2400
2023.4583 46.8400
2023.5417 50.3600
2023.6250 48.2400
2023.7083 45.2500
2023.7917 45.0400
2023.8750 44.2000
2023.9583 44.9100
2024.0417 37.8000
2024.1250 43.1200
2024.2083 44.1000
2024.2917 49.8700
2024.3750 50.6600
2024.4583 47.0500
2024.5417 43.9300
2024.6250 38.6900
2024.7083 48.0200
2024.7917 43.8600
2024.8750 46.4000
2024.9583 49.0500
2025.0417 49.6600
2025.1250 50.9400
2025.2083 49.9500
2025.2917 55.4800
2025.3750 60.6100
2025.4583 58.5900
2025.5417 56.4200
2025.6250 61.5000
2025.7083 63.7700
2025.7917 58.3900
2025.8750 55.8000
2025.9583 55.3800
2026.0417 51.5100
2026.1250 54.8100
2026.2083 49.8100
2026.2917 49.9800
2026.3750 46.8300
2026.4583 44.6100
2026.5417 49.4600
2026.6250 46.2300
2026.7083 41.1000
