x y
2023.2083 18.2100
2023.2917 17.2400
2023.3750 16.2400
2023.4583 15.4200
2023.5417 16.2500
2023.6250 16.7300
2023.7083 15.3400
2023.7917 14.8100
2023.8750 15.4100
2023.9583 16.4700
2024.0417 12.3800
2024.1250 11.1400
2024.2083 14.4200
2024.2917 13.6600
2024.3750 13.0600
2024.4583 11.1000
2024.5417 10.7700
2024.6250 9.9200
2024.7083 11.8600
2024.7917 11.3000
2024.8750 12.0000
2024.9583 10.4700
2025.0417 11.4300
2025.1250 10.9100
2025.2083 10.7000
2025.2917 11.2500
2025.3750 11.8000
2025.4583 12.2100
2025.5417 12.8200
2025.6250 12.3900
2025.7083 12.6300
2025.7917 13.4100
2025.8750 14.3400
2025.9583 13.3700
2026.0417 14.1000
2026.1250 14.5700
2026.2083 13.8800
2026.2917 15.5000
2026.3750 14.9000
2026.4583 10.8400
2026.5417 11.0300
2026.6250 12.9200
2026.7083 13.0500
