x y
2021.0417 7.7000
2021.1250 8.0800
2021.2083 8.8600
2021.2917 8.9500
2021.3750 9.8500
2021.4583 10.1800
2021.5417 9.1500
2021.6250 13.1100
2021.7083 11.1300
2021.7917 10.9300
2021.8750 11.3000
2021.9583 10.7000
2022.0417 9.3600
2022.1250 9.0700
2022.2083 10.9200
2022.2917 8.6800
2022.3750 11.0300
2022.4583 9.5400
2022.5417 8.9000
2022.6250 8.9500
2022.7083 7.5000
2022.7917 6.8900
2022.8750 7.6900
2022.9583 8.2500
2023.0417 7.9300
2023.1250 8.0800
2023.2083 9.2300
2023.2917 10.7700
2023.3750 9.8100
2023.4583 9.6200
2023.5417 9.8600
2023.6250 9.5000
2023.7083 9.2500
2023.7917 9.0200
2023.8750 8.8800
2023.9583 8.1500
2024.0417 7.0100
2024.1250 6.8200
2024.2083 7.3100
2024.2917 7.1700
2024.3750 7.0000
2024.4583 6.4600
2024.5417 6.3100
2024.6250 6.4000
2024.7083 7.6100
2024.7917 7.2000
2024.8750 8.5800
2024.9583 7.2000
2025.0417 7.0300
2025.1250 6.9700
2025.2083 7.0400
2025.2917 7.2200
2025.3750 7.5800
2025.4583 7.2700
2025.5417 7.4200
2025.6250 7.6300
2025.7083 7.2300
2025.7917 7.7100
2025.8750 8.0800
2025.9583 7.3100
2026.0417 8.1400
2026.1250 6.5900
2026.2083 6.6200
2026.2917 5.7300
2026.3750 5.5000
2026.4583 3.8300
2026.5417 4.1800
2026.6250 5.1800
2026.7083 5.1100
