x y
2021.0417 22.7900
2021.1250 25.3700
2021.2083 26.3500
2021.2917 29.2900
2021.3750 19.3500
2021.4583 18.4500
2021.5417 18.2600
2021.6250 17.6000
2021.7083 17.7400
2021.7917 17.3800
2021.8750 17.1700
2021.9583 17.3100
2022.0417 19.6200
2022.1250 21.7000
2022.2083 22.2200
2022.2917 18.4500
2022.3750 17.7800
2022.4583 18.5700
2022.5417 20.5000
2022.6250 18.0400
2022.7083 15.7900
2022.7917 16.7100
2022.8750 18.3600
2022.9583 17.8500
2023.0417 19.8400
2023.1250 21.7800
2023.2083 23.1600
2023.2917 22.5000
2023.3750 19.2600
2023.4583 19.5200
2023.5417 20.8200
2023.6250 18.8600
2023.7083 21.1800
2023.7917 18.7200
2023.8750 18.7200
2023.9583 18.3000
2024.0417 16.9000
2024.1250 17.5500
2024.2083 17.3000
2024.2917 16.0700
2024.3750 17.0000
2024.4583 13.6900
2024.5417 14.8600
2024.6250 13.6800
2024.7083 16.2000
2024.7917 17.6500
2024.8750 17.0500
2024.9583 18.0000
2025.0417 15.9700
2025.1250 14.2500
2025.2083 17.3700
2025.2917 15.0100
2025.3750 16.3400
2025.4583 15.9000
2025.5417 15.6800
2025.6250 16.1300
2025.7083 16.2600
2025.7917 16.4200
2025.8750 13.4900
2025.9583 17.6000
2026.0417 18.2300
2026.1250 19.0600
2026.2083 23.6600
2026.2917 14.7400
2026.3750 12.5400
2026.4583 22.0900
2026.5417 18.8100
2026.6250 22.9400
2026.7083 18.6600
