x y
2021.0417 5.4400
2021.1250 5.4700
2021.2083 5.4100
2021.2917 5.2000
2021.3750 5.4100
2021.4583 5.1700
2021.5417 4.6100
2021.6250 4.7000
2021.7083 4.7900
2021.7917 5.1600
2021.8750 5.2600
2021.9583 5.9100
2022.0417 5.8000
2022.1250 5.6800
2022.2083 6.1400
2022.2917 5.2900
2022.3750 6.3300
2022.4583 5.8700
2022.5417 6.7800
2022.6250 6.9600
2022.7083 5.9500
2022.7917 6.0700
2022.8750 6.5200
2022.9583 7.5300
2023.0417 7.0200
2023.1250 7.2400
2023.2083 6.7200
2023.2917 6.2500
2023.3750 6.1300
2023.4583 6.2400
2023.5417 6.6100
2023.6250 6.9900
2023.7083 6.6000
2023.7917 6.2300
2023.8750 6.8800
2023.9583 6.6200
2024.0417 5.4200
2024.1250 4.6200
2024.2083 5.2200
2024.2917 4.7500
2024.3750 4.7300
2024.4583 3.9500
2024.5417 3.9800
2024.6250 3.8800
2024.7083 4.6500
2024.7917 5.1100
2024.8750 5.5000
2024.9583 4.7300
2025.0417 5.0200
2025.1250 5.2500
2025.2083 5.1300
2025.2917 5.2400
2025.3750 5.8300
2025.4583 6.0700
2025.5417 6.2200
2025.6250 6.3600
2025.7083 6.2200
2025.7917 6.9300
2025.8750 6.9900
2025.9583 7.0700
2026.0417 7.6200
2026.1250 7.8600
2026.2083 6.9100
2026.2917 6.8200
2026.3750 5.8800
2026.4583 4.9700
2026.5417 5.2100
2026.6250 6.6200
2026.7083 6.6500
