x y
2021.0417 1.6600
2021.1250 1.6800
2021.2083 1.7800
2021.2917 1.5800
2021.3750 1.7000
2021.4583 1.8000
2021.5417 1.6900
2021.6250 1.7200
2021.7083 1.7400
2021.7917 1.7300
2021.8750 1.8600
2021.9583 3.0800
2022.0417 2.7700
2022.1250 2.5700
2022.2083 2.6800
2022.2917 1.8700
2022.3750 2.3900
2022.4583 2.0700
2022.5417 2.4300
2022.6250 2.9500
2022.7083 2.7800
2022.7917 2.6700
2022.8750 2.9000
2022.9583 2.7800
2023.0417 2.6200
2023.1250 2.8600
2023.2083 3.1000
2023.2917 2.6300
2023.3750 2.7200
2023.4583 2.8800
2023.5417 2.6400
2023.6250 2.5900
2023.7083 2.5000
2023.7917 2.6900
2023.8750 2.8200
2023.9583 2.8300
2024.0417 2.5500
2024.1250 2.2900
2024.2083 2.2800
2024.2917 2.5500
2024.3750 2.5800
2024.4583 2.1100
2024.5417 1.9100
2024.6250 2.0400
2024.7083 2.2600
2024.7917 2.5600
2024.8750 3.5100
2024.9583 2.8900
2025.0417 2.3900
2025.1250 2.4900
2025.2083 2.7600
2025.2917 2.5300
2025.3750 2.7000
2025.4583 2.8300
2025.5417 2.8400
2025.6250 2.7900
2025.7083 2.5900
2025.7917 2.5700
2025.8750 2.5600
2025.9583 2.3100
2026.0417 2.2800
2026.1250 2.3500
2026.2083 2.1200
2026.2917 2.0500
2026.3750 1.9100
2026.4583 1.6400
2026.5417 1.8100
2026.6250 2.1300
2026.7083 2.0400
