x y
2021.0417 17.3400
2021.1250 16.5600
2021.2083 15.1300
2021.2917 14.7300
2021.3750 12.6400
2021.4583 11.9500
2021.5417 9.5200
2021.6250 8.5500
2021.7083 9.4300
2021.7917 10.0200
2021.8750 9.6900
2021.9583 9.6600
2022.0417 8.8500
2022.1250 6.8900
2022.2083 7.7100
2022.2917 5.8500
2022.3750 6.2200
2022.4583 6.0600
2022.5417 6.0700
2022.6250 5.9800
2022.7083 4.4700
2022.7917 3.5000
2022.8750 4.0900
2022.9583 4.2300
2023.0417 3.5500
2023.1250 3.5200
2023.2083 3.3000
2023.2917 2.6500
2023.3750 2.3900
2023.4583 2.6500
2023.5417 2.6500
2023.6250 2.9700
2023.7083 2.8900
2023.7917 2.7300
2023.8750 2.5900
2023.9583 2.6800
2024.0417 2.5000
2024.1250 2.4900
2024.2083 2.7200
2024.2917 2.8700
2024.3750 3.3800
2024.4583 2.9000
2024.5417 2.8100
2024.6250 2.6500
2024.7083 3.0900
2024.7917 3.0100
2024.8750 3.4400
2024.9583 2.9200
2025.0417 2.7500
2025.1250 2.8200
2025.2083 2.7700
2025.2917 2.7600
2025.3750 2.8200
2025.4583 2.7300
2025.5417 2.8300
2025.6250 3.0600
2025.7083 2.9800
2025.7917 2.9100
2025.8750 3.0400
2025.9583 3.2400
2026.0417 3.3000
2026.1250 3.2100
2026.2083 3.0400
2026.2917 3.4700
2026.3750 3.1000
2026.4583 2.8100
2026.5417 2.9300
2026.6250 3.0200
2026.7083 2.9200
