x y
2021.0417 9.2700
2021.1250 9.9900
2021.2083 8.4200
2021.2917 8.1500
2021.3750 8.1800
2021.4583 6.8000
2021.5417 7.9200
2021.6250 7.4500
2021.7083 7.5600
2021.7917 8.5800
2021.8750 9.0700
2021.9583 10.4900
2022.0417 9.1500
2022.1250 8.2800
2022.2083 8.7000
2022.2917 7.1800
2022.3750 7.7900
2022.4583 7.8100
2022.5417 7.2500
2022.6250 8.6500
2022.7083 8.0000
2022.7917 9.1600
2022.8750 9.3200
2022.9583 8.9000
2023.0417 9.1800
2023.1250 8.2400
2023.2083 7.8100
2023.2917 7.0700
2023.3750 6.4300
2023.4583 6.6000
2023.5417 7.0800
2023.6250 6.4900
2023.7083 6.7500
2023.7917 6.9900
2023.8750 7.2800
2023.9583 5.9600
2024.0417 4.7400
2024.1250 5.2600
2024.2083 4.9500
2024.2917 4.6900
2024.3750 4.6600
2024.4583 3.8500
2024.5417 4.0900
2024.6250 3.9900
2024.7083 4.7800
2024.7917 4.7300
2024.8750 4.5800
2024.9583 4.3300
2025.0417 4.1100
2025.1250 4.0900
2025.2083 3.9700
2025.2917 4.0800
2025.3750 4.0500
2025.4583 4.0400
2025.5417 4.1300
2025.6250 4.2300
2025.7083 4.0800
2025.7917 4.1200
2025.8750 4.0400
2025.9583 4.0000
2026.0417 4.5900
2026.1250 4.0500
2026.2083 3.9600
2026.2917 3.8900
2026.3750 3.3500
2026.4583 2.7600
2026.5417 3.0500
2026.6250 3.2800
2026.7083 3.0900
