x y
2021.0417 12.0000
2021.1250 12.5700
2021.2083 11.3600
2021.2917 13.0600
2021.3750 13.3600
2021.4583 11.5600
2021.5417 11.2900
2021.6250 10.4100
2021.7083 11.5000
2021.7917 9.1300
2021.8750 8.9900
2021.9583 8.5200
2022.0417 7.7700
2022.1250 9.0600
2022.2083 8.5300
2022.2917 7.2200
2022.3750 9.3200
2022.4583 8.4900
2022.5417 8.2600
2022.6250 7.8500
2022.7083 5.7500
2022.7917 5.4100
2022.8750 6.0000
2022.9583 6.2600
2023.0417 6.0300
2023.1250 6.2900
2023.2083 5.8100
2023.2917 5.2600
2023.3750 4.5400
2023.4583 4.4600
2023.5417 5.0200
2023.6250 4.6100
2023.7083 4.3500
2023.7917 4.6400
2023.8750 4.8600
2023.9583 4.4100
2024.0417 3.9400
2024.1250 4.7700
2024.2083 4.1500
2024.2917 4.2500
2024.3750 4.6500
2024.4583 3.8700
2024.5417 4.4000
2024.6250 4.1100
2024.7083 4.9400
2024.7917 5.2300
2024.8750 5.2300
2024.9583 5.4100
2025.0417 5.1800
2025.1250 5.0700
2025.2083 5.0300
2025.2917 5.3200
2025.3750 5.1100
2025.4583 5.2900
2025.5417 5.3100
2025.6250 5.6700
2025.7083 5.5600
2025.7917 5.6000
2025.8750 5.6700
2025.9583 5.1100
2026.0417 5.2100
2026.1250 5.0100
2026.2083 4.5500
2026.2917 4.5600
2026.3750 4.2100
2026.4583 3.7900
2026.5417 4.2100
2026.6250 4.2600
2026.7083 4.1600
