x y
2021.0417 8.1900
2021.1250 9.2700
2021.2083 9.1100
2021.2917 8.3000
2021.3750 8.9100
2021.4583 7.7500
2021.5417 6.8400
2021.6250 7.8500
2021.7083 7.3900
2021.7917 7.0300
2021.8750 7.1000
2021.9583 7.7200
2022.0417 6.7600
2022.1250 6.8400
2022.2083 8.1600
2022.2917 7.3400
2022.3750 11.6300
2022.4583 9.2900
2022.5417 10.4700
2022.6250 12.1400
2022.7083 9.3300
2022.7917 9.3900
2022.8750 11.3000
2022.9583 10.9900
2023.0417 10.2800
2023.1250 11.8600
2023.2083 11.2500
2023.2917 11.4400
2023.3750 10.0500
2023.4583 10.2100
2023.5417 10.6500
2023.6250 11.0300
2023.7083 9.2500
2023.7917 8.5700
2023.8750 9.2800
2023.9583 8.8900
2024.0417 9.3400
2024.1250 7.1900
2024.2083 7.4900
2024.2917 6.6700
2024.3750 6.3500
2024.4583 5.6300
2024.5417 6.2600
2024.6250 6.4100
2024.7083 7.4500
2024.7917 7.4100
2024.8750 7.9700
2024.9583 7.4100
2025.0417 6.8100
2025.1250 6.8600
2025.2083 6.8900
2025.2917 6.7800
2025.3750 7.1800
2025.4583 7.4200
2025.5417 8.3300
2025.6250 8.0600
2025.7083 7.8100
2025.7917 8.0300
2025.8750 12.1400
2025.9583 10.5800
2026.0417 11.5500
2026.1250 11.9300
2026.2083 10.1100
2026.2917 9.3100
2026.3750 8.3900
2026.4583 7.0600
2026.5417 7.9500
2026.6250 9.6200
2026.7083 9.9800
