x y
2022.8750 21.3000
2022.9583 21.1200
2023.0417 19.1900
2023.1250 19.1600
2023.2083 17.8300
2023.2917 16.9000
2023.3750 17.4200
2023.4583 18.4400
2023.5417 18.2300
2023.6250 15.6900
2023.7083 14.6800
2023.7917 13.8900
2023.8750 12.7000
2023.9583 12.0600
2024.0417 9.9200
2024.1250 10.1700
2024.2083 10.3900
2024.2917 11.3100
2024.3750 11.3600
2024.4583 9.8000
2024.5417 9.9500
2024.6250 9.4000
2024.7083 11.1900
2024.7917 10.2000
2024.8750 11.1100
2024.9583 10.8800
2025.0417 10.5100
2025.1250 10.9900
2025.2083 11.3900
2025.2917 11.4400
2025.3750 11.5700
2025.4583 11.9200
2025.5417 11.6300
2025.6250 12.0700
2025.7083 11.3200
2025.7917 11.9000
2025.8750 11.8300
2025.9583 12.1100
2026.0417 12.7700
2026.1250 12.8800
2026.2083 13.2100
2026.2917 13.2700
2026.3750 11.4000
2026.4583 8.3900
2026.5417 8.7700
2026.6250 9.1200
2026.7083 9.1000
