x y
2021.0417 2.3100
2021.1250 2.3800
2021.2083 2.8300
2021.2917 2.9000
2021.3750 3.9500
2021.4583 3.0700
2021.5417 2.7800
2021.6250 3.0600
2021.7083 2.9300
2021.7917 2.7400
2021.8750 2.9100
2021.9583 3.1600
2022.0417 2.8800
2022.1250 2.8600
2022.2083 2.7300
2022.2917 2.2900
2022.3750 2.5400
2022.4583 2.6300
2022.5417 2.5700
2022.6250 2.7800
2022.7083 2.4600
2022.7917 2.5400
2022.8750 2.8100
2022.9583 2.6000
2023.0417 2.7000
2023.1250 2.7000
2023.2083 2.5400
2023.2917 2.3900
2023.3750 2.2600
2023.4583 2.4800
2023.5417 2.6200
2023.6250 2.3900
2023.7083 2.4700
2023.7917 2.4200
2023.8750 2.5400
2023.9583 2.5300
2024.0417 2.3500
2024.1250 2.1800
2024.2083 2.2500
2024.2917 1.9900
2024.3750 1.9000
2024.4583 1.3000
2024.5417 1.4300
2024.6250 1.4300
2024.7083 1.8900
2024.7917 2.5900
2024.8750 2.6100
2024.9583 2.8700
2025.0417 2.8500
2025.1250 2.8600
2025.2083 2.8400
2025.2917 2.9300
2025.3750 3.0000
2025.4583 3.0500
2025.5417 2.9900
2025.6250 3.4200
2025.7083 3.5500
2025.7917 7.0800
2025.8750 10.7300
2025.9583 15.4000
2026.0417 10.3500
2026.1250 11.8200
2026.2083 12.7800
2026.2917 10.7600
2026.3750 8.5800
2026.4583 6.6900
2026.5417 5.8300
2026.6250 6.7000
2026.7083 8.7800
