x y
2021.0417 4.2500
2021.1250 4.2800
2021.2083 5.1700
2021.2917 5.5800
2021.3750 7.9400
2021.4583 12.0500
2021.5417 10.1700
2021.6250 11.6700
2021.7083 10.1400
2021.7917 10.1900
2021.8750 9.3900
2021.9583 9.1800
2022.0417 7.5800
2022.1250 8.0000
2022.2083 7.1500
2022.2917 5.4800
2022.3750 7.9200
2022.4583 6.9100
2022.5417 9.8000
2022.6250 9.0300
2022.7083 7.5000
2022.7917 6.8600
2022.8750 8.5500
2022.9583 8.2900
2023.0417 9.1300
2023.1250 9.3300
2023.2083 9.2800
2023.2917 9.0600
2023.3750 9.3400
2023.4583 12.1800
2023.5417 10.7500
2023.6250 10.0600
2023.7083 8.7000
2023.7917 8.7000
2023.8750 8.6700
2023.9583 8.0800
2024.0417 6.7300
2024.1250 6.4100
2024.2083 6.5300
2024.2917 5.7700
2024.3750 5.2700
2024.4583 4.1900
2024.5417 4.3500
2024.6250 4.2000
2024.7083 5.6800
2024.7917 6.0000
2024.8750 6.1000
2024.9583 5.4000
2025.0417 5.1500
2025.1250 5.5700
2025.2083 5.4700
2025.2917 5.6400
2025.3750 6.4000
2025.4583 6.8900
2025.5417 6.8400
2025.6250 6.5200
2025.7083 6.5500
2025.7917 7.3400
2025.8750 8.7200
2025.9583 7.3800
2026.0417 7.8300
2026.1250 8.5200
2026.2083 6.9900
2026.2917 6.8800
2026.3750 5.9500
2026.4583 5.1000
2026.5417 5.1100
2026.6250 6.0400
2026.7083 6.0800
