x y
2021.0417 11.1300
2021.1250 11.5000
2021.2083 12.0300
2021.2917 10.8800
2021.3750 11.1000
2021.4583 10.9500
2021.5417 10.6700
2021.6250 10.4700
2021.7083 10.3500
2021.7917 9.2900
2021.8750 9.8700
2021.9583 11.0300
2022.0417 10.3600
2022.1250 10.9300
2022.2083 11.9400
2022.2917 10.0500
2022.3750 11.6300
2022.4583 12.8800
2022.5417 12.6200
2022.6250 20.2500
2022.7083 25.4400
2022.7917 24.8000
2022.8750 44.4800
2022.9583 53.0900
2023.0417 61.2200
2023.1250 47.1000
2023.2083 39.9200
2023.2917 34.0700
2023.3750 34.7900
2023.4583 36.8600
2023.5417 32.2300
2023.6250 28.7700
2023.7083 27.1100
2023.7917 25.2000
2023.8750 22.5300
2023.9583 21.2600
2024.0417 16.7300
2024.1250 18.7800
2024.2083 17.7000
2024.2917 15.5300
2024.3750 16.5700
2024.4583 13.3000
2024.5417 13.3100
2024.6250 12.2800
2024.7083 15.2800
2024.7917 16.8700
2024.8750 16.9200
2024.9583 19.9700
2025.0417 15.1300
2025.1250 16.4500
2025.2083 14.8500
2025.2917 17.6200
2025.3750 24.3000
2025.4583 24.2000
2025.5417 27.9000
2025.6250 26.3200
2025.7083 28.0100
2025.7917 28.4400
2025.8750 40.7400
2025.9583 33.7100
2026.0417 35.7900
2026.1250 42.9500
2026.2083 37.2900
2026.2917 38.8200
2026.3750 28.4700
2026.4583 22.0900
2026.5417 21.5000
2026.6250 22.2000
2026.7083 22.4200
