x y
2021.0417 7.1200
2021.1250 7.2600
2021.2083 7.8900
2021.2917 7.1700
2021.3750 7.4600
2021.4583 7.1800
2021.5417 6.8000
2021.6250 6.7800
2021.7083 7.1000
2021.7917 6.6600
2021.8750 6.9800
2021.9583 7.3300
2022.0417 6.5900
2022.1250 7.7100
2022.2083 12.3100
2022.2917 8.7700
2022.3750 11.1800
2022.4583 9.1700
2022.5417 8.6500
2022.6250 8.6200
2022.7083 7.6000
2022.7917 7.7400
2022.8750 8.2200
2022.9583 8.1000
2023.0417 8.3200
2023.1250 8.5200
2023.2083 8.1800
2023.2917 7.6400
2023.3750 7.4800
2023.4583 7.4400
2023.5417 8.2800
2023.6250 7.5200
2023.7083 7.3800
2023.7917 7.1300
2023.8750 7.3000
2023.9583 6.8400
2024.0417 6.1600
2024.1250 6.6300
2024.2083 6.3800
2024.2917 6.4500
2024.3750 6.2200
2024.4583 5.4400
2024.5417 5.2500
2024.6250 4.9700
2024.7083 6.6400
2024.7917 6.3800
2024.8750 6.8100
2024.9583 6.1600
2025.0417 5.9000
2025.1250 5.9000
2025.2083 5.8800
2025.2917 6.2100
2025.3750 6.4100
2025.4583 6.3300
2025.5417 6.6700
2025.6250 6.6600
2025.7083 6.0900
2025.7917 6.8000
2025.8750 7.7400
2025.9583 8.5100
2026.0417 7.7900
2026.1250 7.0900
2026.2083 6.9300
2026.2917 6.6100
2026.3750 5.9000
2026.4583 5.0300
2026.5417 5.5800
2026.6250 7.0400
2026.7083 6.3600
