x y
2021.0417 8.4200
2021.1250 8.6200
2021.2083 10.7500
2021.2917 10.6400
2021.3750 12.0000
2021.4583 9.5500
2021.5417 11.4100
2021.6250 12.0400
2021.7083 13.3600
2021.7917 14.0800
2021.8750 14.6600
2021.9583 13.5200
2022.0417 11.9100
2022.1250 12.4300
2022.2083 12.0400
2022.2917 9.9100
2022.3750 10.7200
2022.4583 11.4500
2022.5417 11.1800
2022.6250 11.1200
2022.7083 9.0600
2022.7917 8.0000
2022.8750 9.1500
2022.9583 9.0900
2023.0417 8.9700
2023.1250 9.2400
2023.2083 9.0100
2023.2917 8.5500
2023.3750 8.2200
2023.4583 9.3900
2023.5417 8.5700
2023.6250 8.1200
2023.7083 8.0500
2023.7917 8.0400
2023.8750 8.3500
2023.9583 8.1200
2024.0417 6.7100
2024.1250 5.9600
2024.2083 6.1500
2024.2917 6.2900
2024.3750 6.3200
2024.4583 5.5100
2024.5417 6.4000
2024.6250 6.1100
2024.7083 7.2100
2024.7917 7.0600
2024.8750 7.7800
2024.9583 7.3800
2025.0417 7.7400
2025.1250 7.3800
2025.2083 7.7200
2025.2917 9.2200
2025.3750 10.9100
2025.4583 11.3300
2025.5417 10.5300
2025.6250 11.6600
2025.7083 9.6300
2025.7917 9.7900
2025.8750 9.0800
2025.9583 8.9400
2026.0417 10.1000
2026.1250 11.1200
2026.2083 9.6300
2026.2917 10.2800
2026.3750 9.1600
2026.4583 8.2500
2026.5417 7.9300
2026.6250 8.5000
2026.7083 8.4600
