x y
2021.0417 21.1500
2021.1250 24.0700
2021.2083 20.0000
2021.2917 16.6200
2021.3750 15.2300
2021.4583 14.6700
2021.5417 11.4100
2021.6250 10.9400
2021.7083 14.7600
2021.7917 14.3900
2021.8750 14.3700
2021.9583 15.2100
2022.0417 16.0900
2022.1250 15.3700
2022.2083 16.9800
2022.2917 14.0300
2022.3750 14.2800
2022.4583 15.3000
2022.5417 15.9000
2022.6250 15.7100
2022.7083 13.9000
2022.7917 12.8900
2022.8750 13.6200
2022.9583 12.9100
2023.0417 13.1100
2023.1250 13.2000
2023.2083 13.2300
2023.2917 13.0100
2023.3750 11.2700
2023.4583 11.6800
2023.5417 12.5100
2023.6250 11.6700
2023.7083 11.0000
2023.7917 10.1600
2023.8750 10.0000
2023.9583 9.3200
2024.0417 8.1700
2024.1250 8.8600
2024.2083 9.4800
2024.2917 8.9200
2024.3750 10.0200
2024.4583 9.1400
2024.5417 9.4700
2024.6250 9.0100
2024.7083 10.4100
2024.7917 9.8100
2024.8750 9.5300
2024.9583 8.9800
2025.0417 8.6900
2025.1250 9.5600
2025.2083 9.2600
2025.2917 9.5900
2025.3750 9.5800
2025.4583 9.3800
2025.5417 9.6200
2025.6250 9.8800
2025.7083 9.8000
2025.7917 9.7300
2025.8750 9.4100
2025.9583 9.2200
2026.0417 9.0400
2026.1250 8.7100
2026.2083 8.2000
2026.2917 8.7300
2026.3750 7.8900
2026.4583 6.2700
2026.5417 7.0000
2026.6250 7.1000
2026.7083 6.9200
