x y
2021.0417 5.3000
2021.1250 5.6600
2021.2083 5.5300
2021.2917 5.4400
2021.3750 5.6000
2021.4583 5.6200
2021.5417 5.1500
2021.6250 5.6300
2021.7083 6.1500
2021.7917 5.8600
2021.8750 5.8600
2021.9583 6.3800
2022.0417 5.7600
2022.1250 6.2700
2022.2083 6.5900
2022.2917 5.6600
2022.3750 6.1700
2022.4583 5.5900
2022.5417 5.8800
2022.6250 6.0800
2022.7083 5.3400
2022.7917 5.1800
2022.8750 5.5600
2022.9583 5.2700
2023.0417 5.6100
2023.1250 7.5300
2023.2083 7.4000
2023.2917 7.8300
2023.3750 7.9100
2023.4583 7.5100
2023.5417 7.0900
2023.6250 6.6300
2023.7083 7.3500
2023.7917 7.5100
2023.8750 9.0700
2023.9583 8.2600
2024.0417 7.1000
2024.1250 7.9200
2024.2083 9.2500
2024.2917 8.9100
2024.3750 8.1700
2024.4583 7.4500
2024.5417 6.9300
2024.6250 7.2400
2024.7083 9.0100
2024.7917 9.2700
2024.8750 9.7700
2024.9583 11.2300
2025.0417 9.8700
2025.1250 8.9000
2025.2083 9.0000
2025.2917 9.4600
2025.3750 11.0500
2025.4583 10.3300
2025.5417 11.3300
2025.6250 12.4300
2025.7083 12.9100
2025.7917 12.2100
2025.8750 10.7800
2025.9583 10.5900
2026.0417 11.5700
2026.1250 11.9600
2026.2083 10.4000
2026.2917 10.9200
2026.3750 9.0900
2026.4583 8.2300
2026.5417 9.2700
2026.6250 10.2600
2026.7083 9.6200
