x y
2021.0417 10.2000
2021.1250 10.3800
2021.2083 10.2900
2021.2917 9.8600
2021.3750 9.7900
2021.4583 9.9700
2021.5417 9.9200
2021.6250 9.5300
2021.7083 10.9400
2021.7917 10.6400
2021.8750 10.7400
2021.9583 11.3100
2022.0417 9.7300
2022.1250 9.6600
2022.2083 9.0800
2022.2917 8.8600
2022.3750 8.7600
2022.4583 9.3700
2022.5417 9.2900
2022.6250 9.7500
2022.7083 9.3700
2022.7917 9.9100
2022.8750 15.3500
2022.9583 13.9000
2023.0417 15.4000
2023.1250 15.5900
2023.2083 15.1100
2023.2917 14.3900
2023.3750 12.7000
2023.4583 12.3500
2023.5417 13.9700
2023.6250 11.9800
2023.7083 11.2300
2023.7917 10.2000
2023.8750 10.8200
2023.9583 10.7600
2024.0417 9.9300
2024.1250 10.5200
2024.2083 10.6100
2024.2917 9.8000
2024.3750 9.6100
2024.4583 8.6600
2024.5417 9.1100
2024.6250 8.0600
2024.7083 9.4600
2024.7917 8.9800
2024.8750 9.6900
2024.9583 9.6100
2025.0417 8.9000
2025.1250 8.5700
2025.2083 9.2900
2025.2917 8.2800
2025.3750 8.2700
2025.4583 8.1700
2025.5417 8.8600
2025.6250 8.8300
2025.7083 8.6700
2025.7917 8.9900
2025.8750 9.0000
2025.9583 8.3800
2026.0417 9.6300
2026.1250 10.0600
2026.2083 8.9900
2026.2917 11.2100
2026.3750 8.0600
2026.4583 7.7700
2026.5417 8.7100
2026.6250 8.9900
2026.7083 8.0900
