x y
2021.0417 42.6000
2021.1250 34.8800
2021.2083 35.5800
2021.2917 32.2600
2021.3750 31.8200
2021.4583 28.1600
2021.5417 23.5200
2021.6250 24.0300
2021.7083 24.0700
2021.7917 22.8700
2021.8750 24.1700
2021.9583 25.9900
2022.0417 23.3000
2022.1250 24.2200
2022.2083 22.9800
2022.2917 19.1900
2022.3750 20.1900
2022.4583 27.7600
2022.5417 22.4000
2022.6250 24.9000
2022.7083 23.4600
2022.7917 24.1100
2022.8750 25.5800
2022.9583 29.1200
2023.0417 27.6800
2023.1250 27.3200
2023.2083 25.3800
2023.2917 24.7600
2023.3750 23.2900
2023.4583 24.1400
2023.5417 24.9000
2023.6250 21.5500
2023.7083 21.6900
2023.7917 21.7500
2023.8750 22.8500
2023.9583 21.6000
2024.0417 17.1500
2024.1250 17.5000
2024.2083 17.3400
2024.2917 17.4800
2024.3750 16.4700
2024.4583 14.3700
2024.5417 13.8900
2024.6250 12.9900
2024.7083 15.6800
2024.7917 14.1900
2024.8750 16.3400
2024.9583 15.3800
2025.0417 15.4000
2025.1250 16.3100
2025.2083 16.0100
2025.2917 17.0700
2025.3750 19.2000
2025.4583 18.4400
2025.5417 19.0700
2025.6250 19.3800
2025.7083 18.4800
2025.7917 20.5200
2025.8750 22.3900
2025.9583 20.1900
2026.0417 22.2200
2026.1250 21.4000
2026.2083 20.6400
2026.2917 22.1600
2026.3750 23.4000
2026.4583 20.5500
2026.5417 21.2100
2026.6250 24.2300
2026.7083 26.8700
