x y
2021.0417 8.1100
2021.1250 9.4400
2021.2083 10.1700
2021.2917 10.0500
2021.3750 11.0700
2021.4583 10.8500
2021.5417 9.7000
2021.6250 10.0300
2021.7083 10.1600
2021.7917 10.1000
2021.8750 12.0700
2021.9583 12.8700
2022.0417 11.4500
2022.1250 11.7500
2022.2083 11.1300
2022.2917 10.1800
2022.3750 11.2100
2022.4583 11.7000
2022.5417 10.9500
2022.6250 10.7500
2022.7083 9.3600
2022.7917 8.0700
2022.8750 9.4800
2022.9583 8.7500
2023.0417 8.9800
2023.1250 8.8200
2023.2083 8.4900
2023.2917 8.2900
2023.3750 8.0600
2023.4583 7.2600
2023.5417 7.7900
2023.6250 7.3900
2023.7083 7.2700
2023.7917 6.2600
2023.8750 6.1800
2023.9583 5.8800
2024.0417 4.8800
2024.1250 5.0300
2024.2083 5.1000
2024.2917 5.2300
2024.3750 5.0800
2024.4583 4.1700
2024.5417 4.6500
2024.6250 4.6300
2024.7083 5.4400
2024.7917 5.4100
2024.8750 6.3700
2024.9583 5.5700
2025.0417 5.4500
2025.1250 5.3400
2025.2083 5.3200
2025.2917 5.3800
2025.3750 5.5600
2025.4583 5.9500
2025.5417 5.8500
2025.6250 5.7200
2025.7083 5.4600
2025.7917 5.7700
2025.8750 5.8100
2025.9583 6.0400
2026.0417 6.5800
2026.1250 6.7200
2026.2083 6.0800
2026.2917 6.3300
2026.3750 5.1700
2026.4583 4.4800
2026.5417 4.8900
2026.6250 5.3400
2026.7083 5.0800
