x y
2021.0417 10.0400
2021.1250 10.2900
2021.2083 10.9800
2021.2917 10.3500
2021.3750 10.8000
2021.4583 6.7300
2021.5417 6.6600
2021.6250 6.8600
2021.7083 7.3900
2021.7917 7.0800
2021.8750 6.6500
2021.9583 10.4900
2022.0417 8.6300
2022.1250 9.3000
2022.2083 9.5500
2022.2917 8.2800
2022.3750 8.7700
2022.4583 9.1500
2022.5417 9.4100
2022.6250 10.0200
2022.7083 8.1600
2022.7917 8.9500
2022.8750 9.9900
2022.9583 9.1600
2023.0417 9.4700
2023.1250 9.2500
2023.2083 8.8800
2023.2917 8.9800
2023.3750 8.2100
2023.4583 7.8800
2023.5417 8.6200
2023.6250 8.0900
2023.7083 8.1800
2023.7917 7.2800
2023.8750 7.2600
2023.9583 7.0400
2024.0417 6.1300
2024.1250 6.4400
2024.2083 6.3800
2024.2917 6.1300
2024.3750 6.1600
2024.4583 5.7300
2024.5417 5.8100
2024.6250 5.5200
2024.7083 6.2900
2024.7917 6.0000
2024.8750 6.2600
2024.9583 6.3400
2025.0417 5.7900
2025.1250 5.6600
2025.2083 5.9300
2025.2917 5.9400
2025.3750 5.9500
2025.4583 5.8200
2025.5417 6.1100
2025.6250 6.3600
2025.7083 6.0900
2025.7917 6.3000
2025.8750 6.1900
2025.9583 6.0700
2026.0417 6.4800
2026.1250 6.4600
2026.2083 5.9600
2026.2917 6.4000
2026.3750 5.7900
2026.4583 5.1000
2026.5417 6.1400
2026.6250 6.5400
2026.7083 6.1900
