x y
2021.0417 18.5200
2021.1250 19.1800
2021.2083 16.5600
2021.2917 15.2700
2021.3750 15.7800
2021.4583 15.1100
2021.5417 17.8300
2021.6250 18.5300
2021.7083 20.6400
2021.7917 21.3200
2021.8750 26.4200
2021.9583 25.7900
2022.0417 21.7500
2022.1250 23.1100
2022.2083 23.8700
2022.2917 22.0400
2022.3750 24.2000
2022.4583 21.0900
2022.5417 20.3000
2022.6250 21.6600
2022.7083 19.0900
2022.7917 20.8000
2022.8750 21.0800
2022.9583 19.8200
2023.0417 20.6900
2023.1250 19.9900
2023.2083 18.7000
2023.2917 16.8600
2023.3750 15.3800
2023.4583 15.2700
2023.5417 16.5900
2023.6250 15.1600
2023.7083 14.2300
2023.7917 15.3200
2023.8750 16.3800
2023.9583 13.2300
2024.0417 10.2200
2024.1250 11.4600
2024.2083 9.9100
2024.2917 9.7400
2024.3750 9.3200
2024.4583 8.0800
2024.5417 8.4400
2024.6250 8.1300
2024.7083 9.6600
2024.7917 10.1400
2024.8750 10.3200
2024.9583 10.8900
2025.0417 10.6100
2025.1250 10.8200
2025.2083 9.9600
2025.2917 10.1400
2025.3750 9.8600
2025.4583 9.7900
2025.5417 9.9600
2025.6250 9.8200
2025.7083 9.2000
2025.7917 9.4300
2025.8750 9.5800
2025.9583 9.5400
2026.0417 11.2900
2026.1250 11.1100
2026.2083 10.4400
2026.2917 10.2400
2026.3750 8.6900
2026.4583 7.8700
2026.5417 8.7700
2026.6250 10.8000
2026.7083 9.9400
