x y
2021.0417 7.9300
2021.1250 8.2300
2021.2083 8.1500
2021.2917 7.2200
2021.3750 6.7300
2021.4583 6.6100
2021.5417 5.8700
2021.6250 5.8500
2021.7083 6.3900
2021.7917 6.2800
2021.8750 6.4800
2021.9583 7.4700
2022.0417 8.1900
2022.1250 8.8600
2022.2083 10.5000
2022.2917 7.5200
2022.3750 8.0600
2022.4583 8.5100
2022.5417 10.0500
2022.6250 9.3700
2022.7083 7.9700
2022.7917 7.0300
2022.8750 7.3400
2022.9583 7.0800
2023.0417 7.8300
2023.1250 7.8300
2023.2083 8.1600
2023.2917 7.2900
2023.3750 6.4700
2023.4583 6.6500
2023.5417 7.3400
2023.6250 6.4100
2023.7083 6.3700
2023.7917 6.7300
2023.8750 6.7200
2023.9583 7.5000
2024.0417 5.8700
2024.1250 5.9700
2024.2083 6.2700
2024.2917 5.8000
2024.3750 6.7800
2024.4583 5.3600
2024.5417 5.5400
2024.6250 4.9700
2024.7083 5.7700
2024.7917 5.3200
2024.8750 5.3900
2024.9583 5.1000
2025.0417 4.8800
2025.1250 4.8600
2025.2083 4.8800
2025.2917 4.8400
2025.3750 4.8600
2025.4583 4.7600
2025.5417 4.8400
2025.6250 4.8700
2025.7083 4.8000
2025.7917 4.7700
2025.8750 4.6700
2025.9583 4.4000
2026.0417 4.4600
2026.1250 4.3600
2026.2083 4.0300
2026.2917 4.1600
2026.3750 3.6500
2026.4583 3.3500
2026.5417 3.6000
2026.6250 3.8300
2026.7083 3.5800
