x y
2021.0417 9.9000
2021.1250 10.2300
2021.2083 13.6600
2021.2917 10.3300
2021.3750 24.2200
2021.4583 18.5600
2021.5417 15.7500
2021.6250 15.3700
2021.7083 14.4200
2021.7917 13.2500
2021.8750 13.7600
2021.9583 13.1300
2022.0417 11.6000
2022.1250 13.0600
2022.2083 11.1800
2022.2917 9.1300
2022.3750 12.0000
2022.4583 10.8800
2022.5417 11.3300
2022.6250 11.0300
2022.7083 9.6800
2022.7917 9.9600
2022.8750 11.1100
2022.9583 10.4900
2023.0417 12.2500
2023.1250 12.8500
2023.2083 11.8900
2023.2917 10.9700
2023.3750 11.6400
2023.4583 13.1600
2023.5417 13.3800
2023.6250 12.7900
2023.7083 12.2500
2023.7917 12.1300
2023.8750 12.7900
2023.9583 12.3300
2024.0417 10.2800
2024.1250 8.9900
2024.2083 9.2200
2024.2917 8.1700
2024.3750 8.0800
2024.4583 6.9300
2024.5417 6.9200
2024.6250 6.6700
2024.7083 8.2600
2024.7917 8.6000
2024.8750 9.1300
2024.9583 8.1200
2025.0417 8.0800
2025.1250 8.2600
2025.2083 8.4900
2025.2917 8.4700
2025.3750 9.0500
2025.4583 9.5500
2025.5417 9.7400
2025.6250 9.5900
2025.7083 10.5300
2025.7917 14.0000
2025.8750 13.3400
2025.9583 11.7600
2026.0417 11.4900
2026.1250 12.4400
2026.2083 11.2500
2026.2917 10.9000
2026.3750 9.3300
2026.4583 7.8800
2026.5417 8.4700
2026.6250 11.7400
2026.7083 11.5800
