x y
2021.0417 1.8000
2021.1250 1.6800
2021.2083 1.8600
2021.2917 1.7300
2021.3750 2.3200
2021.4583 2.1300
2021.5417 1.9300
2021.6250 1.9700
2021.7083 2.2100
2021.7917 2.1900
2021.8750 2.9800
2021.9583 2.6900
2022.0417 2.6600
2022.1250 2.6400
2022.2083 2.1600
2022.2917 1.7700
2022.3750 2.2700
2022.4583 2.7100
2022.5417 2.7000
2022.6250 2.6200
2022.7083 2.5900
2022.7917 2.5300
2022.8750 2.7500
2022.9583 2.8200
2023.0417 4.2300
2023.1250 4.1500
2023.2083 3.7100
2023.2917 3.6000
2023.3750 3.4400
2023.4583 3.3900
2023.5417 3.8100
2023.6250 3.8300
2023.7083 3.6300
2023.7917 3.5900
2023.8750 3.7100
2023.9583 3.5500
2024.0417 3.4800
2024.1250 4.0800
2024.2083 3.6000
2024.2917 3.0400
2024.3750 2.6700
2024.4583 2.2300
2024.5417 2.3400
2024.6250 2.3500
2024.7083 2.9400
2024.7917 3.0800
2024.8750 3.2900
2024.9583 2.8000
2025.0417 3.0100
2025.1250 3.1800
2025.2083 3.0200
2025.2917 3.1700
2025.3750 3.5600
2025.4583 3.5600
2025.5417 3.2100
2025.6250 4.4500
2025.7083 3.6300
2025.7917 3.7200
2025.8750 3.9800
2025.9583 3.9200
2026.0417 3.5800
2026.1250 3.8000
2026.2083 3.9200
2026.2917 3.8600
2026.3750 3.5600
2026.4583 3.1300
2026.5417 3.2700
2026.6250 3.8300
2026.7083 3.9600
