x y
2021.0417 17.9800
2021.1250 19.8800
2021.2083 17.8300
2021.2917 16.9000
2021.3750 16.7600
2021.4583 16.0400
2021.5417 19.9800
2021.6250 20.8100
2021.7083 21.4300
2021.7917 20.9900
2021.8750 24.0400
2021.9583 23.2600
2022.0417 18.5600
2022.1250 19.0700
2022.2083 19.3800
2022.2917 16.3000
2022.3750 17.8900
2022.4583 16.6600
2022.5417 14.9000
2022.6250 15.6000
2022.7083 13.8100
2022.7917 14.5200
2022.8750 15.7600
2022.9583 16.0700
2023.0417 17.1600
2023.1250 17.1100
2023.2083 16.5800
2023.2917 15.2300
2023.3750 14.6600
2023.4583 15.3500
2023.5417 16.3400
2023.6250 15.0600
2023.7083 15.0000
2023.7917 16.4800
2023.8750 16.9000
2023.9583 14.1000
2024.0417 12.5400
2024.1250 13.8900
2024.2083 12.8600
2024.2917 12.0600
2024.3750 11.2000
2024.4583 9.8300
2024.5417 9.9500
2024.6250 9.4500
2024.7083 11.4100
2024.7917 10.9500
2024.8750 11.0900
2024.9583 11.1700
2025.0417 10.2000
2025.1250 10.6000
2025.2083 10.0700
2025.2917 10.1100
2025.3750 10.2000
2025.4583 9.8500
2025.5417 9.9600
2025.6250 9.9800
2025.7083 9.6800
2025.7917 9.7500
2025.8750 9.6800
2025.9583 9.3600
2026.0417 10.5100
2026.1250 10.0000
2026.2083 9.9000
2026.2917 9.1400
2026.3750 8.4900
2026.4583 7.5400
2026.5417 8.4000
2026.6250 9.0600
2026.7083 8.6800
