x y
2021.0417 24.5200
2021.1250 26.6000
2021.2083 27.6400
2021.2917 29.7000
2021.3750 38.0500
2021.4583 33.8200
2021.5417 25.1300
2021.6250 21.9100
2021.7083 26.0900
2021.7917 20.7700
2021.8750 23.3200
2021.9583 24.1200
2022.0417 21.3800
2022.1250 21.3200
2022.2083 19.0100
2022.2917 15.2600
2022.3750 16.8800
2022.4583 17.4900
2022.5417 16.9700
2022.6250 20.7700
2022.7083 19.5300
2022.7917 20.0400
2022.8750 19.3600
2022.9583 18.6100
2023.0417 20.0100
2023.1250 22.3800
2023.2083 21.6400
2023.2917 21.5000
2023.3750 18.9200
2023.4583 17.8000
2023.5417 18.7200
2023.6250 18.9200
2023.7083 18.2800
2023.7917 17.4100
2023.8750 17.3500
2023.9583 16.3900
2024.0417 13.4100
2024.1250 14.7800
2024.2083 14.4300
2024.2917 16.3900
2024.3750 15.2800
2024.4583 13.6200
2024.5417 13.4700
2024.6250 12.0900
2024.7083 15.0800
2024.7917 18.1900
2024.8750 20.3900
2024.9583 18.3700
2025.0417 17.7500
2025.1250 16.5000
2025.2083 17.7400
2025.2917 20.3900
2025.3750 24.5800
2025.4583 19.4200
2025.5417 21.1300
2025.6250 22.4200
2025.7083 21.1900
2025.7917 21.5500
2025.8750 19.8500
2025.9583 18.7700
2026.0417 19.9200
2026.1250 19.6900
2026.2083 17.4300
2026.2917 18.0000
2026.3750 16.1400
2026.4583 14.4300
2026.5417 17.0200
2026.6250 17.3000
2026.7083 16.6600
