x y
2021.0417 16.5000
2021.1250 14.9000
2021.2083 14.7200
2021.2917 15.2900
2021.3750 14.6500
2021.4583 15.3000
2021.5417 13.8700
2021.6250 14.5900
2021.7083 12.8700
2021.7917 15.1500
2021.8750 15.1800
2021.9583 16.7000
2022.0417 16.0500
2022.1250 16.8400
2022.2083 17.6100
2022.2917 15.5200
2022.3750 16.1300
2022.4583 15.5700
2022.5417 14.6900
2022.6250 15.7500
2022.7083 15.7500
2022.7917 16.1900
2022.8750 15.7800
2022.9583 17.7300
2023.0417 18.5300
2023.1250 18.0700
2023.2083 18.4500
2023.2917 18.4500
2023.3750 18.1000
2023.4583 17.9000
2023.5417 17.1700
2023.6250 15.7900
2023.7083 15.0000
2023.7917 13.5200
2023.8750 13.8200
2023.9583 13.4300
2024.0417 10.2400
2024.1250 11.9000
2024.2083 12.4200
2024.2917 9.4500
2024.3750 8.9600
2024.4583 8.4300
2024.5417 8.0600
2024.6250 7.5200
2024.7083 9.4500
2024.7917 8.8900
2024.8750 9.0500
2024.9583 8.7200
2025.0417 8.3400
2025.1250 8.3800
2025.2083 9.3300
2025.2917 10.7900
2025.3750 11.2100
2025.4583 12.1200
2025.5417 13.1400
2025.6250 14.3700
2025.7083 13.1100
2025.7917 13.3600
2025.8750 12.4900
2025.9583 12.4100
2026.0417 13.5500
2026.1250 14.4900
2026.2083 12.1000
2026.2917 11.5300
2026.3750 10.5200
2026.4583 9.0000
2026.5417 11.6400
2026.6250 11.4700
2026.7083 11.2000
