x y
2021.0417 31.1500
2021.1250 31.3500
2021.2083 30.0000
2021.2917 32.6800
2021.3750 34.8800
2021.4583 22.2600
2021.5417 19.8100
2021.6250 18.4900
2021.7083 18.3300
2021.7917 16.9300
2021.8750 18.0600
2021.9583 20.4800
2022.0417 17.2300
2022.1250 17.0500
2022.2083 15.3400
2022.2917 15.2600
2022.3750 16.2200
2022.4583 17.2800
2022.5417 16.4100
2022.6250 22.0000
2022.7083 22.1200
2022.7917 17.1000
2022.8750 17.8000
2022.9583 17.6500
2023.0417 17.9600
2023.1250 19.6300
2023.2083 17.4900
2023.2917 13.7800
2023.3750 13.7000
2023.4583 14.0000
2023.5417 14.3000
2023.6250 12.7500
2023.7083 12.8800
2023.7917 13.5200
2023.8750 13.4500
2023.9583 13.3000
2024.0417 11.9200
2024.1250 11.0800
2024.2083 11.3200
2024.2917 14.2600
2024.3750 14.0000
2024.4583 13.1200
2024.5417 12.6000
2024.6250 12.4500
2024.7083 14.4800
2024.7917 15.8000
2024.8750 15.7400
2024.9583 17.7300
2025.0417 18.4700
2025.1250 16.7000
2025.2083 17.0600
2025.2917 14.9600
2025.3750 16.9500
2025.4583 16.3200
2025.5417 15.4200
2025.6250 18.2600
2025.7083 17.8600
2025.7917 16.8200
2025.8750 18.8200
2025.9583 17.9300
2026.0417 17.7300
2026.1250 17.3700
2026.2083 14.4100
2026.2917 16.1200
2026.3750 15.2200
2026.4583 13.4500
2026.5417 12.8200
2026.6250 13.5000
2026.7083 14.8200
