x y
2021.0417 14.9500
2021.1250 15.1200
2021.2083 15.0900
2021.2917 8.6000
2021.3750 7.4200
2021.4583 6.7900
2021.5417 6.1000
2021.6250 8.2600
2021.7083 11.7000
2021.7917 9.7000
2021.8750 9.1400
2021.9583 7.6900
2022.0417 6.4000
2022.1250 6.7300
2022.2083 6.4600
2022.2917 4.7600
2022.3750 7.2100
2022.4583 7.1300
2022.5417 7.1200
2022.6250 8.0100
2022.7083 6.0100
2022.7917 5.7800
2022.8750 6.3100
2022.9583 6.1600
2023.0417 6.1800
2023.1250 5.9800
2023.2083 5.6800
2023.2917 5.5100
2023.3750 4.8700
2023.4583 5.0100
2023.5417 5.1700
2023.6250 5.6100
2023.7083 5.7400
2023.7917 12.7900
2023.8750 11.4600
2023.9583 9.8400
2024.0417 7.8300
2024.1250 8.9500
2024.2083 7.8800
2024.2917 6.7400
2024.3750 7.3400
2024.4583 6.1200
2024.5417 5.7500
2024.6250 5.7700
2024.7083 7.0600
2024.7917 6.9100
2024.8750 6.6600
2024.9583 5.8000
2025.0417 5.2000
2025.1250 5.4500
2025.2083 5.1500
2025.2917 4.9400
2025.3750 6.2800
2025.4583 6.8400
2025.5417 10.0000
2025.6250 8.8900
2025.7083 8.3400
2025.7917 8.3600
2025.8750 9.9600
2025.9583 8.0300
2026.0417 8.2400
2026.1250 7.5100
2026.2083 8.1100
2026.2917 8.5100
2026.3750 9.5600
2026.4583 7.6000
2026.5417 7.8500
2026.6250 14.4700
2026.7083 12.3700
