x y
2021.0417 4.6000
2021.1250 4.3500
2021.2083 5.2400
2021.2917 5.1800
2021.3750 4.3400
2021.4583 4.5000
2021.5417 4.0300
2021.6250 4.2000
2021.7083 4.6700
2021.7917 4.2300
2021.8750 4.7000
2021.9583 4.8700
2022.0417 4.2000
2022.1250 5.0600
2022.2083 5.4600
2022.2917 3.7900
2022.3750 4.1600
2022.4583 3.9900
2022.5417 4.0900
2022.6250 4.0300
2022.7083 3.4500
2022.7917 3.5100
2022.8750 3.6700
2022.9583 3.9800
2023.0417 3.8300
2023.1250 3.9000
2023.2083 3.9800
2023.2917 3.5200
2023.3750 3.2100
2023.4583 3.7800
2023.5417 4.5000
2023.6250 4.6100
2023.7083 4.3400
2023.7917 5.0300
2023.8750 5.5100
2023.9583 6.0000
2024.0417 5.8800
2024.1250 6.5500
2024.2083 5.3000
2024.2917 5.5000
2024.3750 10.1400
2024.4583 6.9000
2024.5417 6.6000
2024.6250 5.2900
2024.7083 6.1200
2024.7917 7.4800
2024.8750 7.0500
2024.9583 5.5200
2025.0417 5.3000
2025.1250 5.8300
2025.2083 4.7100
2025.2917 4.8000
2025.3750 5.1500
2025.4583 5.0000
2025.5417 5.0600
2025.6250 5.8300
2025.7083 6.4200
2025.7917 6.5800
2025.8750 5.9800
2025.9583 5.6400
2026.0417 6.3900
2026.1250 6.7600
2026.2083 6.1600
2026.2917 6.1300
2026.3750 6.3000
2026.4583 4.6300
2026.5417 5.6900
2026.6250 6.0300
2026.7083 5.3500
