x y
2021.0417 16.9600
2021.1250 18.1700
2021.2083 16.9200
2021.2917 14.3900
2021.3750 13.9700
2021.4583 14.3700
2021.5417 12.5800
2021.6250 12.9800
2021.7083 14.4700
2021.7917 16.4800
2021.8750 15.9500
2021.9583 19.2600
2022.0417 20.1500
2022.1250 19.4900
2022.2083 22.0500
2022.2917 18.6600
2022.3750 18.0700
2022.4583 21.2900
2022.5417 24.0400
2022.6250 23.7200
2022.7083 20.5100
2022.7917 17.9000
2022.8750 17.9600
2022.9583 19.6300
2023.0417 20.1400
2023.1250 19.7900
2023.2083 20.4700
2023.2917 19.7800
2023.3750 16.8200
2023.4583 18.3500
2023.5417 19.0100
2023.6250 16.6600
2023.7083 17.3800
2023.7917 18.8000
2023.8750 19.2600
2023.9583 20.0600
2024.0417 18.7900
2024.1250 19.1800
2024.2083 19.0000
2024.2917 19.1800
2024.3750 21.4100
2024.4583 19.8200
2024.5417 19.9400
2024.6250 17.0400
2024.7083 20.1400
2024.7917 18.6400
2024.8750 17.3400
2024.9583 16.5100
2025.0417 16.1300
2025.1250 16.2800
2025.2083 16.6700
2025.2917 16.9400
2025.3750 16.6500
2025.4583 17.0800
2025.5417 17.3100
2025.6250 18.1900
2025.7083 18.6100
2025.7917 18.1500
2025.8750 18.0800
2025.9583 16.8800
2026.0417 15.6000
2026.1250 15.9800
2026.2083 16.6200
2026.2917 16.4400
2026.3750 13.6800
2026.4583 12.3200
2026.5417 14.0900
2026.6250 14.2700
2026.7083 14.5100
