x y
2021.0417 31.8900
2021.1250 33.1900
2021.2083 24.1900
2021.2917 21.3700
2021.3750 24.2800
2021.4583 22.4100
2021.5417 34.9900
2021.6250 35.1800
2021.7083 29.0000
2021.7917 27.8200
2021.8750 30.1500
2021.9583 30.4000
2022.0417 24.5700
2022.1250 26.9700
2022.2083 25.8600
2022.2917 14.6200
2022.3750 18.0800
2022.4583 16.4600
2022.5417 14.8300
2022.6250 15.5200
2022.7083 13.3600
2022.7917 14.8000
2022.8750 16.2000
2022.9583 16.1000
2023.0417 17.4300
2023.1250 16.6500
2023.2083 16.3700
2023.2917 15.2000
2023.3750 10.2400
2023.4583 10.3400
2023.5417 11.5600
2023.6250 10.2500
2023.7083 9.9300
2023.7917 9.1200
2023.8750 9.6600
2023.9583 8.3800
2024.0417 7.0800
2024.1250 8.6000
2024.2083 8.0100
2024.2917 7.5000
2024.3750 7.0800
2024.4583 6.1800
2024.5417 6.3000
2024.6250 6.1400
2024.7083 7.9700
2024.7917 13.6000
2024.8750 11.7000
2024.9583 11.8000
2025.0417 10.1400
2025.1250 10.0100
2025.2083 9.3000
2025.2917 9.1900
2025.3750 9.1200
2025.4583 8.9500
2025.5417 9.0800
2025.6250 9.3600
2025.7083 9.1700
2025.7917 8.8500
2025.8750 11.5000
2025.9583 11.6800
2026.0417 10.4200
2026.1250 8.9100
2026.2083 8.0700
2026.2917 8.4800
2026.3750 7.4400
2026.4583 5.3800
2026.5417 5.1200
2026.6250 5.8700
2026.7083 5.6100
