x y
2021.2917 18.1200
2021.3750 18.1500
2021.4583 16.6500
2021.5417 14.7900
2021.6250 16.4300
2021.7083 25.5300
2021.7917 27.9000
2021.8750 25.1700
2021.9583 26.6600
2022.0417 19.9000
2022.1250 19.9300
2022.2083 21.3000
2022.2917 16.4600
2022.3750 18.3200
2022.4583 18.0100
2022.5417 18.2900
2022.6250 17.6300
2022.7083 14.5000
2022.7917 15.3600
2022.8750 18.0100
2022.9583 17.2000
2023.0417 17.6000
2023.1250 17.5800
2023.2083 19.2000
2023.2917 16.2100
2023.3750 14.8400
2023.4583 15.2600
2023.5417 16.2600
2023.6250 15.0400
2023.7083 15.0300
2023.7917 14.3000
2023.8750 14.9100
2023.9583 14.2800
2024.0417 10.9500
2024.1250 9.4100
2024.2083 10.4800
2024.2917 9.5300
2024.3750 10.9100
2024.4583 9.0700
2024.5417 10.8800
2024.6250 9.5600
2024.7083 11.5500
2024.7917 12.6500
2024.8750 12.9700
2024.9583 11.7500
2025.0417 12.0000
2025.1250 12.3000
2025.2083 16.6000
2025.2917 18.7600
2025.3750 19.8000
2025.4583 18.5000
2025.5417 19.4500
2025.6250 24.4000
2025.7083 21.7000
2025.7917 20.9900
2025.8750 19.8700
2025.9583 18.8300
2026.0417 22.8800
2026.1250 20.2600
2026.2083 17.4900
2026.2917 16.6100
2026.3750 17.8400
2026.4583 14.3800
2026.5417 14.6700
2026.6250 17.6000
2026.7083 16.1500
