x y
2021.0417 4.7600
2021.1250 5.1100
2021.2083 5.2600
2021.2917 4.8800
2021.3750 5.0000
2021.4583 5.2300
2021.5417 5.0800
2021.6250 5.1900
2021.7083 5.1400
2021.7917 5.0100
2021.8750 5.3600
2021.9583 5.9000
2022.0417 5.6600
2022.1250 5.8100
2022.2083 5.6500
2022.2917 5.0400
2022.3750 5.5300
2022.4583 5.5300
2022.5417 5.1800
2022.6250 5.3100
2022.7083 4.6100
2022.7917 4.4600
2022.8750 4.7700
2022.9583 4.4700
2023.0417 4.8100
2023.1250 4.9800
2023.2083 4.8300
2023.2917 5.1600
2023.3750 4.9600
2023.4583 4.9700
2023.5417 5.3500
2023.6250 5.0400
2023.7083 4.9100
2023.7917 4.8600
2023.8750 4.9300
2023.9583 4.7600
2024.0417 4.0700
2024.1250 3.9500
2024.2083 4.1000
2024.2917 3.9000
2024.3750 3.6500
2024.4583 3.3000
2024.5417 3.4500
2024.6250 3.2500
2024.7083 3.9200
2024.7917 4.2300
2024.8750 4.3300
2024.9583 4.0700
2025.0417 4.1700
2025.1250 4.3800
2025.2083 4.4900
2025.2917 4.7000
2025.3750 4.8000
2025.4583 4.6000
2025.5417 6.3200
2025.6250 5.1100
2025.7083 4.8500
2025.7917 4.7400
2025.8750 4.8000
2025.9583 4.6000
2026.0417 4.9700
2026.1250 5.0100
2026.2083 4.3700
2026.2917 4.5100
2026.3750 4.0100
2026.4583 3.9900
2026.5417 3.8400
2026.6250 4.0200
2026.7083 3.8200
