x y
2021.0417 10.8300
2021.1250 11.2900
2021.2083 10.1000
2021.2917 8.8000
2021.3750 8.8100
2021.4583 8.3600
2021.5417 7.7200
2021.6250 6.6700
2021.7083 6.6700
2021.7917 7.2400
2021.8750 7.2400
2021.9583 7.5800
2022.0417 6.8700
2022.1250 6.9200
2022.2083 7.2700
2022.2917 6.0800
2022.3750 6.4500
2022.4583 6.7000
2022.5417 6.7800
2022.6250 7.0500
2022.7083 6.2100
2022.7917 6.1400
2022.8750 6.3500
2022.9583 6.4500
2023.0417 6.4300
2023.1250 7.4900
2023.2083 6.7800
2023.2917 7.7600
2023.3750 7.4500
2023.4583 7.6000
2023.5417 7.7900
2023.6250 6.5200
2023.7083 6.2500
2023.7917 5.6600
2023.8750 5.7500
2023.9583 5.3500
2024.0417 4.2800
2024.1250 3.9500
2024.2083 4.1100
2024.2917 3.6500
2024.3750 3.6100
2024.4583 2.5900
2024.5417 2.7400
2024.6250 2.9100
2024.7083 3.9600
2024.7917 4.2200
2024.8750 4.1600
2024.9583 3.4700
2025.0417 3.3500
2025.1250 3.8400
2025.2083 4.4000
2025.2917 4.8000
2025.3750 6.8000
2025.4583 6.7600
2025.5417 6.2600
2025.6250 6.3000
2025.7083 5.8300
2025.7917 7.0100
2025.8750 7.2000
2025.9583 6.2400
2026.0417 6.1500
2026.1250 7.2700
2026.2083 6.9300
2026.2917 8.0300
2026.3750 5.9500
2026.4583 5.0300
2026.5417 5.1500
2026.6250 5.4700
2026.7083 4.8400
