x y
2021.0417 121.9200
2021.1250 89.5000
2021.2083 77.4800
2021.2917 78.5800
2021.3750 92.0200
2021.4583 84.9600
2021.5417 67.7000
2021.6250 67.5900
2021.7083 69.4200
2021.7917 60.8800
2021.8750 61.5200
2021.9583 62.9300
2022.0417 57.0300
2022.1250 53.4400
2022.2083 49.5800
2022.2917 48.0000
2022.3750 45.3800
2022.4583 54.0200
2022.5417 45.8100
2022.6250 45.6800
2022.7083 43.1900
2022.7917 38.2500
2022.8750 41.2500
2022.9583 43.5600
2023.0417 44.7100
2023.1250 46.0100
2023.2083 43.1000
2023.2917 43.4400
2023.3750 40.2000
2023.4583 39.9900
2023.5417 42.1000
2023.6250 35.6600
2023.7083 34.3800
2023.7917 35.0000
2023.8750 34.9100
2023.9583 33.3800
2024.0417 29.5700
2024.1250 32.3400
2024.2083 30.1700
2024.2917 31.4000
2024.3750 30.0800
2024.4583 27.3500
2024.5417 27.3700
2024.6250 25.8700
2024.7083 35.4900
2024.7917 32.5100
2024.8750 34.2000
2024.9583 32.6100
2025.0417 30.5800
2025.1250 31.9800
2025.2083 31.4600
2025.2917 31.7900
2025.3750 30.3100
2025.4583 29.5300
2025.5417 30.2200
2025.6250 33.6600
2025.7083 31.5500
2025.7917 32.1400
2025.8750 29.7300
2025.9583 28.7400
2026.0417 30.1000
2026.1250 29.4100
2026.2083 28.6700
2026.2917 28.5400
2026.3750 26.7600
2026.4583 23.2600
2026.5417 26.9700
2026.6250 26.5400
2026.7083 24.5500
