x y
2023.6250 45.2400
2023.7083 43.2500
2023.7917 45.1000
2023.8750 44.5000
2023.9583 39.8100
2024.0417 36.3000
2024.1250 42.5900
2024.2083 41.8700
2024.2917 53.8000
2024.3750 54.1000
2024.4583 53.8000
2024.5417 44.3000
2024.6250 48.6100
2024.7083 61.3800
2024.7917 63.3300
2024.8750 66.0100
2024.9583 78.3200
2025.0417 98.4700
2025.1250 89.2000
2025.2083 88.8800
2025.2917 108.5000
2025.3750 107.9600
2025.4583 109.3700
2025.5417 90.3800
2025.6250 97.6000
2025.7083 93.9300
2025.7917 72.7300
2025.8750 68.7800
2025.9583 65.1500
2026.0417 66.3900
2026.1250 61.6700
2026.2083 50.9700
2026.2917 54.8000
2026.3750 44.2800
2026.4583 40.5900
2026.5417 44.4600
2026.6250 38.2700
2026.7083 39.6700
