x y
2021.0417 8.9800
2021.1250 10.1100
2021.2083 10.2100
2021.2917 10.2000
2021.3750 23.1200
2021.4583 21.3900
2021.5417 15.4500
2021.6250 15.7800
2021.7083 18.8900
2021.7917 22.6400
2021.8750 20.3700
2021.9583 18.5400
2022.0417 17.4700
2022.1250 17.9300
2022.2083 18.5600
2022.2917 25.6100
2022.3750 30.3300
2022.4583 29.7500
2022.5417 26.9300
2022.6250 26.8500
2022.7083 23.5100
2022.7917 18.0200
2022.8750 18.4600
2022.9583 23.5100
2023.0417 18.8500
2023.1250 20.2900
2023.2083 17.8200
2023.2917 20.4600
2023.3750 18.1500
2023.4583 17.1100
2023.5417 18.0900
2023.6250 14.8000
2023.7083 14.8000
2023.7917 11.1900
2023.8750 14.3000
2023.9583 12.3000
2024.0417 11.0600
2024.1250 9.5700
2024.2083 8.7900
2024.2917 8.1200
2024.3750 7.1700
2024.4583 6.2700
2024.5417 6.7800
2024.6250 6.3200
2024.7083 7.2600
2024.7917 8.4500
2024.8750 8.2900
2024.9583 6.7800
2025.0417 6.9200
2025.1250 7.1500
2025.2083 8.9300
2025.2917 8.9100
2025.3750 10.4800
2025.4583 10.4400
2025.5417 10.1900
2025.6250 10.8800
2025.7083 10.5000
2025.7917 11.2600
2025.8750 13.7900
2025.9583 12.7600
2026.0417 12.3300
2026.1250 14.4400
2026.2083 13.2800
2026.2917 13.9400
2026.3750 12.6300
2026.4583 10.2200
2026.5417 10.4900
2026.6250 13.5600
2026.7083 12.0000
