x y
2022.0417 22.0500
2022.1250 21.5300
2022.2083 21.9800
2022.2917 19.9000
2022.3750 21.3900
2022.4583 20.8000
2022.5417 17.4100
2022.6250 18.1500
2022.7083 14.8500
2022.7917 14.5300
2022.8750 16.1800
2022.9583 17.0900
2023.0417 15.0100
2023.1250 17.2000
2023.2083 15.8500
2023.2917 16.8000
2023.3750 15.1700
2023.4583 15.4000
2023.5417 17.5800
2023.6250 14.9500
2023.7083 14.6000
2023.7917 13.1600
2023.8750 15.3300
2023.9583 12.8200
2024.0417 9.9300
2024.1250 9.6400
2024.2083 10.1600
2024.2917 9.8000
2024.3750 9.8700
2024.4583 8.9300
2024.5417 10.0400
2024.6250 9.8900
2024.7083 12.3200
2024.7917 11.7000
2024.8750 13.6900
2024.9583 12.3500
2025.0417 11.4000
2025.1250 11.6000
2025.2083 11.3000
2025.2917 10.6700
2025.3750 11.1500
2025.4583 11.0500
2025.5417 11.2500
2025.6250 11.3000
2025.7083 10.7100
2025.7917 10.9800
2025.8750 12.1800
2025.9583 10.9300
2026.0417 11.6100
2026.1250 11.3400
2026.2083 9.8800
2026.2917 11.0300
2026.3750 9.5000
2026.4583 8.5600
2026.5417 8.8800
2026.6250 9.6000
2026.7083 9.1200
