x y
2021.0417 4.1500
2021.1250 5.4900
2021.2083 4.9100
2021.2917 4.3600
2021.3750 4.5100
2021.4583 4.7000
2021.5417 5.4000
2021.6250 4.7300
2021.7083 4.5100
2021.7917 4.2800
2021.8750 4.5300
2021.9583 4.7900
2022.0417 4.1200
2022.1250 4.4100
2022.2083 5.0400
2022.2917 4.4700
2022.3750 5.6300
2022.4583 5.2600
2022.5417 4.7700
2022.6250 4.5800
2022.7083 3.9600
2022.7917 3.8500
2022.8750 4.0700
2022.9583 4.0600
2023.0417 4.1300
2023.1250 4.0800
2023.2083 3.9900
2023.2917 3.4100
2023.3750 3.2000
2023.4583 3.2400
2023.5417 3.8800
2023.6250 3.5700
2023.7083 3.3400
2023.7917 3.3700
2023.8750 3.5200
2023.9583 3.2900
2024.0417 2.8700
2024.1250 3.1400
2024.2083 2.8600
2024.2917 2.4800
2024.3750 2.2000
2024.4583 1.7900
2024.5417 1.9500
2024.6250 2.1000
2024.7083 2.7500
2024.7917 3.2800
2024.8750 4.1300
2024.9583 3.9300
2025.0417 3.6200
2025.1250 3.8800
2025.2083 3.4100
2025.2917 3.9500
2025.3750 4.1600
2025.4583 4.4200
2025.5417 4.7500
2025.6250 5.0800
2025.7083 4.3700
2025.7917 4.8600
2025.8750 6.0000
2025.9583 7.4400
2026.0417 8.6600
2026.1250 8.0600
2026.2083 7.1000
2026.2917 6.1100
2026.3750 5.1300
2026.4583 4.3200
2026.5417 4.4300
2026.6250 6.2900
2026.7083 6.1700
