x y
2021.2917 57.0000
2021.3750 63.3100
2021.4583 62.1300
2021.5417 20.5600
2021.6250 23.8100
2021.7083 23.5900
2021.7917 26.3900
2021.8750 28.9300
2021.9583 29.1700
2022.0417 22.6900
2022.1250 24.2000
2022.2083 25.0100
2022.2917 18.3000
2022.3750 19.7800
2022.4583 18.9200
2022.5417 18.3000
2022.6250 17.7100
2022.7083 16.0500
2022.7917 18.0000
2022.8750 17.7100
2022.9583 17.8000
2023.0417 18.7900
2023.1250 20.6100
2023.2083 19.3100
2023.2917 23.3000
2023.3750 23.1000
2023.4583 23.3600
2023.5417 23.6100
2023.6250 20.9400
2023.7083 19.8900
2023.7917 17.8000
2023.8750 18.1600
2023.9583 17.2600
2024.0417 13.5000
2024.1250 12.5900
2024.2083 13.4500
2024.2917 13.1800
2024.3750 13.9000
2024.4583 11.4700
2024.5417 11.5200
2024.6250 11.2300
2024.7083 13.6300
2024.7917 13.1000
2024.8750 13.8000
2024.9583 11.9000
2025.0417 11.8700
2025.1250 12.1600
2025.2083 11.6400
2025.2917 12.8000
2025.3750 14.0100
2025.4583 14.5000
2025.5417 15.0000
2025.6250 14.0800
2025.7083 15.0500
2025.7917 16.8100
2025.8750 17.6000
2025.9583 20.5100
2026.0417 23.3300
2026.1250 24.5300
2026.2083 23.4000
2026.2917 35.3000
2026.3750 28.2600
2026.4583 18.2800
2026.5417 16.1400
2026.6250 20.0000
2026.7083 17.6200
