x y
2021.0417 33.0800
2021.1250 37.6200
2021.2083 37.0000
2021.2917 36.6000
2021.3750 34.7900
2021.4583 33.1300
2021.5417 28.2700
2021.6250 25.3700
2021.7083 29.4200
2021.7917 30.4000
2021.8750 31.3500
2021.9583 37.8100
2022.0417 35.3100
2022.1250 34.5000
2022.2083 34.4400
2022.2917 27.9500
2022.3750 35.1300
2022.4583 39.7500
2022.5417 42.9300
2022.6250 45.8100
2022.7083 36.6200
2022.7917 36.4700
2022.8750 33.9700
2022.9583 34.2500
2023.0417 37.7300
2023.1250 38.7200
2023.2083 39.5900
2023.2917 38.4500
2023.3750 19.4700
2023.4583 18.4300
2023.5417 19.8800
2023.6250 18.5200
2023.7083 17.1000
2023.7917 16.9300
2023.8750 18.2000
2023.9583 20.9700
2024.0417 17.6300
2024.1250 19.4000
2024.2083 21.0400
2024.2917 21.8400
2024.3750 24.6500
2024.4583 22.6400
2024.5417 23.4500
2024.6250 19.3700
2024.7083 22.9800
2024.7917 21.4200
2024.8750 20.7100
2024.9583 19.4600
2025.0417 18.8600
2025.1250 17.9400
2025.2083 18.6800
2025.2917 19.0000
2025.3750 18.9800
2025.4583 18.7900
2025.5417 19.3100
2025.6250 19.7900
2025.7083 21.7100
2025.7917 20.9300
2025.8750 20.6600
2025.9583 20.7500
2026.0417 20.1100
2026.1250 20.6500
2026.2083 19.7200
2026.2917 22.7500
2026.3750 20.1100
2026.4583 16.4100
2026.5417 19.0700
2026.6250 20.0200
2026.7083 20.4300
