x y
2021.0417 44.0000
2021.1250 40.4300
2021.2083 43.4000
2021.2917 52.9200
2021.3750 43.7500
2021.4583 39.0000
2021.5417 35.4900
2021.6250 36.0800
2021.7083 32.3500
2021.7917 27.7800
2021.8750 28.5900
2021.9583 28.4800
2022.0417 24.7500
2022.1250 25.2700
2022.2083 21.4500
2022.2917 16.2000
2022.3750 22.4300
2022.4583 22.1200
2022.5417 20.4600
2022.6250 24.7500
2022.7083 26.3800
2022.7917 22.4000
2022.8750 21.5900
2022.9583 20.4000
2023.0417 21.4000
2023.1250 21.9000
2023.2083 19.4100
2023.2917 17.9400
2023.3750 16.7800
2023.4583 16.4800
2023.5417 17.2700
2023.6250 16.0600
2023.7083 15.4000
2023.7917 14.7000
2023.8750 15.3100
2023.9583 14.4600
2024.0417 11.0300
2024.1250 10.1900
2024.2083 13.5400
2024.2917 14.0500
2024.3750 11.9800
2024.4583 9.5400
2024.5417 9.3400
2024.6250 8.4700
2024.7083 10.6000
2024.7917 11.0600
2024.8750 12.4900
2024.9583 10.0600
2025.0417 10.3700
2025.1250 11.0500
2025.2083 22.5000
2025.2917 21.4800
2025.3750 22.3000
2025.4583 20.9000
2025.5417 23.5400
2025.6250 22.7100
2025.7083 20.7200
2025.7917 22.1000
2025.8750 19.6900
2025.9583 20.7300
2026.0417 29.4600
2026.1250 27.4800
2026.2083 23.8300
2026.2917 26.2800
2026.3750 21.0100
2026.4583 22.0600
2026.5417 20.7200
2026.6250 22.8500
2026.7083 20.8900
