x y
2021.0417 7.7400
2021.1250 8.5500
2021.2083 8.7200
2021.2917 8.3600
2021.3750 8.4100
2021.4583 8.1900
2021.5417 7.7300
2021.6250 7.6800
2021.7083 8.0500
2021.7917 8.1300
2021.8750 8.7000
2021.9583 8.5200
2022.0417 9.3300
2022.1250 9.0800
2022.2083 8.4200
2022.2917 7.1200
2022.3750 7.4300
2022.4583 7.6500
2022.5417 7.9800
2022.6250 8.0000
2022.7083 7.0500
2022.7917 6.9400
2022.8750 7.7400
2022.9583 7.2300
2023.0417 7.8800
2023.1250 8.0000
2023.2083 7.5200
2023.2917 7.1700
2023.3750 7.3400
2023.4583 7.5900
2023.5417 8.3200
2023.6250 7.9500
2023.7083 8.0100
2023.7917 8.1200
2023.8750 8.4600
2023.9583 8.5000
2024.0417 6.9800
2024.1250 6.3100
2024.2083 6.8800
2024.2917 6.6500
2024.3750 6.5800
2024.4583 6.1500
2024.5417 5.7700
2024.6250 5.5400
2024.7083 6.4400
2024.7917 7.1400
2024.8750 7.6000
2024.9583 6.5500
2025.0417 6.8100
2025.1250 6.7400
2025.2083 6.8400
2025.2917 7.2300
2025.3750 7.8300
2025.4583 7.8500
2025.5417 8.3100
2025.6250 7.8800
2025.7083 8.0100
2025.7917 8.4500
2025.8750 8.5000
2025.9583 8.0600
2026.0417 8.6100
2026.1250 8.8400
2026.2083 8.0500
2026.2917 9.0100
2026.3750 8.4700
2026.4583 7.0000
2026.5417 6.9600
2026.6250 8.0900
2026.7083 8.1100
