x y
2021.0417 7.7800
2021.1250 7.6500
2021.2083 7.3000
2021.2917 6.4500
2021.3750 6.2200
2021.4583 6.7000
2021.5417 6.0700
2021.6250 6.1200
2021.7083 6.6000
2021.7917 6.9400
2021.8750 6.3500
2021.9583 6.7900
2022.0417 6.5600
2022.1250 7.6700
2022.2083 10.3600
2022.2917 9.4300
2022.3750 8.0400
2022.4583 8.6600
2022.5417 9.1000
2022.6250 9.1500
2022.7083 7.5400
2022.7917 6.7500
2022.8750 7.3200
2022.9583 7.1100
2023.0417 7.2800
2023.1250 7.4800
2023.2083 10.6400
2023.2917 11.0000
2023.3750 9.7200
2023.4583 9.5600
2023.5417 10.3400
2023.6250 8.7100
2023.7083 8.7200
2023.7917 10.0900
2023.8750 10.8200
2023.9583 10.4500
2024.0417 9.8600
2024.1250 9.6000
2024.2083 9.5000
2024.2917 8.7900
2024.3750 9.4400
2024.4583 7.0700
2024.5417 6.1200
2024.6250 5.5500
2024.7083 6.6200
2024.7917 6.4100
2024.8750 6.5800
2024.9583 6.2000
2025.0417 5.8800
2025.1250 5.9800
2025.2083 5.9100
2025.2917 6.0500
2025.3750 6.0900
2025.4583 6.0500
2025.5417 6.2200
2025.6250 6.3700
2025.7083 6.3000
2025.7917 6.2800
2025.8750 6.1500
2025.9583 5.8900
2026.0417 5.9000
2026.1250 5.7100
2026.2083 5.3500
2026.2917 5.6200
2026.3750 5.0200
2026.4583 4.3100
2026.5417 4.9100
2026.6250 5.2100
2026.7083 5.0800
