x y
2021.0417 14.4900
2021.1250 14.6100
2021.2083 12.7600
2021.2917 12.5600
2021.3750 12.4700
2021.4583 13.6100
2021.5417 12.3000
2021.6250 12.1600
2021.7083 11.3300
2021.7917 10.6000
2021.8750 11.2500
2021.9583 11.0400
2022.0417 9.8700
2022.1250 9.7400
2022.2083 9.1000
2022.2917 7.4300
2022.3750 8.6100
2022.4583 7.8400
2022.5417 8.2100
2022.6250 7.9100
2022.7083 7.1600
2022.7917 7.8700
2022.8750 8.6300
2022.9583 7.9400
2023.0417 8.5000
2023.1250 8.3600
2023.2083 8.1900
2023.2917 7.6900
2023.3750 7.7200
2023.4583 7.3800
2023.5417 7.7600
2023.6250 7.4600
2023.7083 7.4500
2023.7917 7.4100
2023.8750 7.9300
2023.9583 7.4800
2024.0417 5.8600
2024.1250 5.3700
2024.2083 5.6200
2024.2917 5.2800
2024.3750 5.1200
2024.4583 4.1700
2024.5417 4.0900
2024.6250 3.9200
2024.7083 4.8600
2024.7917 5.1200
2024.8750 5.5800
2024.9583 5.4700
2025.0417 5.3700
2025.1250 5.6300
2025.2083 5.5100
2025.2917 5.5100
2025.3750 5.9200
2025.4583 6.1100
2025.5417 7.0700
2025.6250 12.3800
2025.7083 10.5900
2025.7917 11.2000
2025.8750 9.6200
2025.9583 8.8800
2026.0417 9.5300
2026.1250 9.7000
2026.2083 8.6300
2026.2917 8.8400
2026.3750 7.7800
2026.4583 8.5900
2026.5417 8.4100
2026.6250 8.2300
2026.7083 8.3700
