x y
2021.0417 21.1000
2021.1250 21.3200
2021.2083 22.2000
2021.2917 27.2900
2021.3750 26.4500
2021.4583 22.9800
2021.5417 18.9800
2021.6250 17.6000
2021.7083 17.1600
2021.7917 16.9600
2021.8750 20.2000
2021.9583 19.8000
2022.0417 16.8700
2022.1250 16.5100
2022.2083 16.6500
2022.2917 15.5600
2022.3750 17.9100
2022.4583 18.2400
2022.5417 21.6000
2022.6250 24.0100
2022.7083 26.2800
2022.7917 17.4800
2022.8750 19.7300
2022.9583 18.8000
2023.0417 19.1900
2023.1250 20.9400
2023.2083 19.8600
2023.2917 19.7500
2023.3750 17.4800
2023.4583 19.4100
2023.5417 19.4000
2023.6250 18.8200
2023.7083 18.8200
2023.7917 20.5600
2023.8750 21.3600
2023.9583 23.3000
2024.0417 20.0100
2024.1250 20.3000
2024.2083 31.7500
2024.2917 38.9100
2024.3750 30.4000
2024.4583 26.4000
2024.5417 24.2500
2024.6250 21.4600
2024.7083 27.8700
2024.7917 24.1700
2024.8750 28.9200
2024.9583 27.5700
2025.0417 29.5300
2025.1250 32.2800
2025.2083 36.9800
2025.2917 38.0300
2025.3750 58.3900
2025.4583 40.3100
2025.5417 51.8100
2025.6250 48.9300
2025.7083 44.4100
2025.7917 46.5100
2025.8750 38.8800
2025.9583 37.6200
2026.0417 47.1600
2026.1250 40.9200
2026.2083 40.3500
2026.2917 45.8400
2026.3750 56.7300
2026.4583 63.3600
2026.5417 56.9600
2026.6250 67.7500
2026.7083 63.9100
