x y
2021.0417 22.7700
2021.1250 20.8400
2021.2083 19.1100
2021.2917 21.8200
2021.3750 20.1900
2021.4583 17.4500
2021.5417 17.7400
2021.6250 15.6500
2021.7083 14.9200
2021.7917 15.9400
2021.8750 16.0200
2021.9583 16.3500
2022.0417 14.2800
2022.1250 13.9100
2022.2083 11.6800
2022.2917 8.3500
2022.3750 8.6200
2022.4583 9.1600
2022.5417 8.3900
2022.6250 8.5800
2022.7083 7.8200
2022.7917 8.2900
2022.8750 8.8500
2022.9583 9.0100
2023.0417 10.6800
2023.1250 12.6000
2023.2083 11.8800
2023.2917 10.7600
2023.3750 10.2500
2023.4583 9.5100
2023.5417 10.2200
2023.6250 9.4100
2023.7083 9.4100
2023.7917 9.3500
2023.8750 10.2400
2023.9583 10.7700
2024.0417 8.1500
2024.1250 8.6700
2024.2083 8.7000
2024.2917 9.1400
2024.3750 8.9400
2024.4583 7.2100
2024.5417 6.8200
2024.6250 6.2600
2024.7083 7.3000
2024.7917 6.7700
2024.8750 6.9400
2024.9583 6.8600
2025.0417 6.6300
2025.1250 6.4700
2025.2083 7.1700
2025.2917 6.8000
2025.3750 7.2500
2025.4583 8.0200
2025.5417 8.5700
2025.6250 8.5100
2025.7083 9.6400
2025.7917 10.7900
2025.8750 12.2200
2025.9583 15.0700
2026.0417 18.0500
2026.1250 16.0300
2026.2083 14.4000
2026.2917 14.5900
2026.3750 11.6700
2026.4583 11.6500
2026.5417 12.6400
2026.6250 12.6200
2026.7083 11.4000
