x y
2021.0417 6.9100
2021.1250 7.3700
2021.2083 7.2700
2021.2917 7.1000
2021.3750 7.3500
2021.4583 7.2100
2021.5417 6.9900
2021.6250 7.2800
2021.7083 7.8100
2021.7917 7.3600
2021.8750 7.6700
2021.9583 12.5500
2022.0417 9.7800
2022.1250 10.2900
2022.2083 14.3600
2022.2917 11.9100
2022.3750 13.5600
2022.4583 20.4900
2022.5417 21.3500
2022.6250 18.1000
2022.7083 18.5500
2022.7917 16.3800
2022.8750 18.4800
2022.9583 17.9200
2023.0417 19.9900
2023.1250 18.0900
2023.2083 16.1500
2023.2917 16.2300
2023.3750 16.2300
2023.4583 15.0300
2023.5417 16.0600
2023.6250 15.6800
2023.7083 16.3000
2023.7917 16.7900
2023.8750 18.5700
2023.9583 18.3400
2024.0417 15.8000
2024.1250 16.0800
2024.2083 14.9500
2024.2917 14.5500
2024.3750 13.9900
2024.4583 11.3500
2024.5417 12.0700
2024.6250 11.1600
2024.7083 13.7900
2024.7917 12.8500
2024.8750 11.7300
2024.9583 12.7400
2025.0417 10.9900
2025.1250 11.9300
2025.2083 12.2100
2025.2917 12.9900
2025.3750 13.1600
2025.4583 13.1800
2025.5417 13.2800
2025.6250 13.9900
2025.7083 16.1600
2025.7917 14.2300
2025.8750 15.0400
2025.9583 16.6600
2026.0417 15.4200
2026.1250 14.8200
2026.2083 12.7000
2026.2917 13.5200
2026.3750 11.3000
2026.4583 12.6600
2026.5417 10.9500
2026.6250 10.8000
2026.7083 12.1800
