x y
2021.0417 13.8900
2021.1250 13.6800
2021.2083 12.1000
2021.2917 11.8100
2021.3750 11.5800
2021.4583 11.9600
2021.5417 9.9000
2021.6250 9.5500
2021.7083 11.2200
2021.7917 10.5500
2021.8750 11.0700
2021.9583 13.0700
2022.0417 12.0900
2022.1250 13.1700
2022.2083 12.9500
2022.2917 11.0800
2022.3750 12.4700
2022.4583 12.2600
2022.5417 11.3200
2022.6250 13.1500
2022.7083 13.1600
2022.7917 13.2500
2022.8750 13.1800
2022.9583 11.6200
2023.0417 12.8500
2023.1250 15.9200
2023.2083 14.9200
2023.2917 13.0000
2023.3750 12.3500
2023.4583 11.6800
2023.5417 12.3400
2023.6250 11.5800
2023.7083 11.2900
2023.7917 11.1000
2023.8750 11.5300
2023.9583 11.8600
2024.0417 9.1700
2024.1250 9.5800
2024.2083 9.3800
2024.2917 8.8200
2024.3750 8.7700
2024.4583 7.4900
2024.5417 6.6900
2024.6250 6.1300
2024.7083 7.2300
2024.7917 6.9000
2024.8750 7.1700
2024.9583 6.7100
2025.0417 6.4300
2025.1250 6.2300
2025.2083 6.4100
2025.2917 6.6700
2025.3750 6.9700
2025.4583 7.3300
2025.5417 7.6400
2025.6250 7.6100
2025.7083 7.1600
2025.7917 7.6900
2025.8750 7.7700
2025.9583 7.8700
2026.0417 8.1700
2026.1250 8.1800
2026.2083 7.4100
2026.2917 7.5200
2026.3750 6.6000
2026.4583 5.9000
2026.5417 6.5400
2026.6250 6.8300
2026.7083 6.6400
