x y
2021.0417 9.1000
2021.1250 9.1200
2021.2083 9.2900
2021.2917 9.1600
2021.3750 9.2300
2021.4583 8.8600
2021.5417 8.7700
2021.6250 8.3200
2021.7083 8.2500
2021.7917 8.2300
2021.8750 8.5500
2021.9583 8.4600
2022.0417 7.6800
2022.1250 8.6600
2022.2083 9.4300
2022.2917 7.5900
2022.3750 10.3600
2022.4583 8.7900
2022.5417 8.2700
2022.6250 8.5100
2022.7083 7.8100
2022.7917 7.5800
2022.8750 7.9600
2022.9583 7.6900
2023.0417 7.7900
2023.1250 7.8200
2023.2083 7.5900
2023.2917 7.4400
2023.3750 7.1800
2023.4583 7.0900
2023.5417 8.4700
2023.6250 8.1500
2023.7083 7.6000
2023.7917 7.6200
2023.8750 7.6700
2023.9583 7.2800
2024.0417 6.0700
2024.1250 7.1800
2024.2083 6.7200
2024.2917 6.6400
2024.3750 6.4100
2024.4583 6.0300
2024.5417 6.0000
2024.6250 6.1400
2024.7083 7.1900
2024.7917 6.9700
2024.8750 7.1000
2024.9583 6.7300
2025.0417 6.4700
2025.1250 6.4900
2025.2083 6.3800
2025.2917 6.6900
2025.3750 6.7300
2025.4583 6.8700
2025.5417 6.9800
2025.6250 7.0600
2025.7083 6.6500
2025.7917 6.7700
2025.8750 6.8600
2025.9583 6.7200
2026.0417 7.2800
2026.1250 6.7600
2026.2083 7.5100
2026.2917 6.8100
2026.3750 6.0000
2026.4583 5.2000
2026.5417 5.5500
2026.6250 12.0400
2026.7083 16.4900
