x y
2021.0417 11.6200
2021.1250 12.2200
2021.2083 10.8000
2021.2917 10.2300
2021.3750 11.2100
2021.4583 10.3800
2021.5417 10.8000
2021.6250 10.2100
2021.7083 10.1900
2021.7917 11.1300
2021.8750 11.8700
2021.9583 11.9100
2022.0417 10.6100
2022.1250 12.0400
2022.2083 14.0400
2022.2917 13.9700
2022.3750 16.7000
2022.4583 13.9900
2022.5417 13.1800
2022.6250 14.1100
2022.7083 11.5000
2022.7917 12.6000
2022.8750 12.8900
2022.9583 11.8400
2023.0417 12.5200
2023.1250 12.3500
2023.2083 11.8100
2023.2917 11.9900
2023.3750 12.0600
2023.4583 11.6400
2023.5417 12.6100
2023.6250 11.9200
2023.7083 10.7100
2023.7917 10.5900
2023.8750 10.6500
2023.9583 10.2400
2024.0417 9.1100
2024.1250 9.8900
2024.2083 10.0200
2024.2917 10.2600
2024.3750 10.0600
2024.4583 9.0200
2024.5417 9.3100
2024.6250 9.6800
2024.7083 10.6600
2024.7917 10.1000
2024.8750 10.0800
2024.9583 9.7900
2025.0417 9.5400
2025.1250 9.4200
2025.2083 9.4400
2025.2917 9.7300
2025.3750 9.7700
2025.4583 9.8700
2025.5417 9.7000
2025.6250 9.7400
2025.7083 9.3800
2025.7917 9.3000
2025.8750 9.1400
2025.9583 9.1200
2026.0417 10.1000
2026.1250 9.4700
2026.2083 10.2000
2026.2917 9.9600
2026.3750 8.6300
2026.4583 7.4900
2026.5417 8.2000
2026.6250 9.2000
2026.7083 9.1100
