x y
2021.0417 3.9500
2021.1250 5.0800
2021.2083 7.6100
2021.2917 5.5800
2021.3750 5.4900
2021.4583 4.9600
2021.5417 5.2600
2021.6250 4.9400
2021.7083 6.4300
2021.7917 5.6500
2021.8750 5.4400
2021.9583 6.0100
2022.0417 5.4700
2022.1250 5.7900
2022.2083 6.0700
2022.2917 4.4600
2022.3750 5.4100
2022.4583 4.9700
2022.5417 4.8200
2022.6250 5.0600
2022.7083 4.4100
2022.7917 4.2300
2022.8750 4.6300
2022.9583 4.5600
2023.0417 4.6300
2023.1250 4.6800
2023.2083 4.3600
2023.2917 4.3300
2023.3750 4.2500
2023.4583 4.5500
2023.5417 5.3500
2023.6250 5.9400
2023.7083 6.4500
2023.7917 5.4300
2023.8750 5.1000
2023.9583 4.8800
2024.0417 4.1800
2024.1250 4.0400
2024.2083 4.2300
2024.2917 3.9700
2024.3750 3.9900
2024.4583 3.4100
2024.5417 3.5200
2024.6250 3.5000
2024.7083 4.0400
2024.7917 4.0100
2024.8750 4.6900
2024.9583 3.9400
2025.0417 3.8900
2025.1250 3.9100
2025.2083 3.8200
2025.2917 4.5100
2025.3750 4.6400
2025.4583 5.0000
2025.5417 4.8500
2025.6250 4.8300
2025.7083 4.6100
2025.7917 4.8900
2025.8750 4.8800
2025.9583 4.5700
2026.0417 5.1000
2026.1250 5.3800
2026.2083 4.8300
2026.2917 5.5800
2026.3750 4.5400
2026.4583 3.3100
2026.5417 3.4800
2026.6250 5.5600
2026.7083 5.4300
