x y
2021.0417 7.0500
2021.1250 7.0400
2021.2083 7.3200
2021.2917 7.4400
2021.3750 7.7000
2021.4583 7.8000
2021.5417 7.1100
2021.6250 7.5800
2021.7083 8.9600
2021.7917 9.1800
2021.8750 8.9700
2021.9583 10.6100
2022.0417 8.5800
2022.1250 9.4900
2022.2083 9.8300
2022.2917 8.2400
2022.3750 13.3700
2022.4583 10.5000
2022.5417 12.0400
2022.6250 11.5400
2022.7083 10.1900
2022.7917 11.0100
2022.8750 12.6600
2022.9583 13.1800
2023.0417 14.1600
2023.1250 14.0900
2023.2083 14.7600
2023.2917 11.7500
2023.3750 11.6100
2023.4583 11.9400
2023.5417 12.1300
2023.6250 11.3500
2023.7083 11.2200
2023.7917 10.6100
2023.8750 12.2600
2023.9583 12.0500
2024.0417 10.8700
2024.1250 9.2300
2024.2083 9.7100
2024.2917 9.9000
2024.3750 11.9300
2024.4583 11.9600
2024.5417 12.9600
2024.6250 12.1200
2024.7083 13.4800
2024.7917 17.5800
2024.8750 15.6200
2024.9583 13.1500
2025.0417 12.9800
2025.1250 13.7600
2025.2083 12.6800
2025.2917 13.0300
2025.3750 14.7800
2025.4583 13.4300
2025.5417 18.6800
2025.6250 22.5500
2025.7083 21.4400
2025.7917 22.2000
2025.8750 20.2900
2025.9583 21.9300
2026.0417 23.1700
2026.1250 21.9200
2026.2083 18.8800
2026.2917 21.7500
2026.3750 25.1800
2026.4583 30.1700
2026.5417 24.3400
2026.6250 25.5600
2026.7083 26.1500
