x y
2021.0417 38.0800
2021.1250 37.5800
2021.2083 35.8800
2021.2917 41.4600
2021.3750 40.5400
2021.4583 36.2200
2021.5417 28.4200
2021.6250 27.4900
2021.7083 28.0900
2021.7917 25.1500
2021.8750 26.1900
2021.9583 27.5300
2022.0417 25.2000
2022.1250 26.9600
2022.2083 25.1800
2022.2917 18.0800
2022.3750 21.6700
2022.4583 25.9900
2022.5417 24.4200
2022.6250 24.2800
2022.7083 20.7500
2022.7917 24.0700
2022.8750 25.9700
2022.9583 22.4000
2023.0417 24.2600
2023.1250 31.3000
2023.2083 27.2100
2023.2917 25.5900
2023.3750 23.0800
2023.4583 23.7900
2023.5417 22.8700
2023.6250 20.5700
2023.7083 20.6800
2023.7917 19.6200
2023.8750 19.3800
2023.9583 20.3800
2024.0417 15.3400
2024.1250 16.6500
2024.2083 17.4700
2024.2917 18.1700
2024.3750 16.7400
2024.4583 14.6900
2024.5417 13.7300
2024.6250 12.3900
2024.7083 14.9900
2024.7917 14.4000
2024.8750 14.9700
2024.9583 14.2900
2025.0417 13.3900
2025.1250 14.2300
2025.2083 15.6700
2025.2917 16.2500
2025.3750 17.0500
2025.4583 15.5800
2025.5417 16.8100
2025.6250 18.3800
2025.7083 17.7200
2025.7917 16.1900
2025.8750 15.7700
2025.9583 15.2600
2026.0417 16.5300
2026.1250 16.7600
2026.2083 14.5200
2026.2917 14.4100
2026.3750 13.1500
2026.4583 12.1000
2026.5417 13.0300
2026.6250 12.6300
2026.7083 12.1800
