x y
2021.0417 11.7000
2021.1250 12.2200
2021.2083 12.0200
2021.2917 11.0200
2021.3750 10.9400
2021.4583 10.4200
2021.5417 9.4200
2021.6250 9.0500
2021.7083 9.9300
2021.7917 9.1500
2021.8750 9.1200
2021.9583 10.2400
2022.0417 10.8100
2022.1250 9.6200
2022.2083 9.5800
2022.2917 7.9500
2022.3750 8.6200
2022.4583 9.6300
2022.5417 10.4700
2022.6250 10.5400
2022.7083 9.3500
2022.7917 11.3700
2022.8750 13.8500
2022.9583 11.8400
2023.0417 12.5300
2023.1250 12.5600
2023.2083 11.9300
2023.2917 10.1800
2023.3750 9.2500
2023.4583 9.1000
2023.5417 9.6900
2023.6250 8.8000
2023.7083 8.8500
2023.7917 8.8200
2023.8750 8.9500
2023.9583 8.5600
2024.0417 7.1900
2024.1250 7.1500
2024.2083 7.1600
2024.2917 7.1800
2024.3750 7.5500
2024.4583 6.5400
2024.5417 7.0900
2024.6250 6.8200
2024.7083 7.9000
2024.7917 8.2000
2024.8750 8.4400
2024.9583 8.6200
2025.0417 7.9300
2025.1250 7.5000
2025.2083 7.7000
2025.2917 8.3500
2025.3750 8.8500
2025.4583 8.2600
2025.5417 8.5400
2025.6250 8.6700
2025.7083 7.9800
2025.7917 7.6700
2025.8750 7.5700
2025.9583 7.0900
2026.0417 7.4900
2026.1250 7.4000
2026.2083 6.7900
2026.2917 7.0100
2026.3750 6.4600
2026.4583 5.7600
2026.5417 6.2700
2026.6250 6.4400
2026.7083 6.2200
