x y
2021.3750 56.9900
2021.4583 47.2000
2021.5417 37.7800
2021.6250 38.0100
2021.7083 40.0400
2021.7917 38.8600
2021.8750 39.6900
2021.9583 40.3100
2022.0417 37.2500
2022.1250 37.7700
2022.2083 37.4400
2022.2917 30.0900
2022.3750 32.7000
2022.4583 25.7100
2022.5417 26.2000
2022.6250 28.8500
2022.7083 25.1300
2022.7917 25.8400
2022.8750 26.4200
2022.9583 25.0300
2023.0417 26.4900
2023.1250 26.5000
2023.2083 25.8000
2023.2917 24.2000
2023.3750 23.0900
2023.4583 21.4200
2023.5417 23.8500
2023.6250 22.2500
2023.7083 20.9700
2023.7917 21.1300
2023.8750 26.4900
2023.9583 30.7300
2024.0417 27.2200
2024.1250 29.2000
2024.2083 36.4300
2024.2917 36.2300
2024.3750 40.5700
2024.4583 35.1500
2024.5417 34.1200
2024.6250 28.3000
2024.7083 31.3100
2024.7917 31.3800
2024.8750 29.1600
2024.9583 27.7000
2025.0417 25.4100
2025.1250 25.6500
2025.2083 28.3900
2025.2917 29.2100
2025.3750 29.0700
2025.4583 30.7400
2025.5417 32.0000
2025.6250 32.1000
2025.7083 30.2500
2025.7917 30.6300
2025.8750 28.3300
2025.9583 29.3200
2026.0417 28.6200
2026.1250 28.3700
2026.2083 27.3300
2026.2917 29.9600
2026.3750 27.1200
2026.4583 27.8800
2026.5417 29.7500
2026.6250 33.7300
2026.7083 30.3000
