x y
2021.0417 12.3200
2021.1250 12.6500
2021.2083 11.8100
2021.2917 10.8800
2021.3750 11.0900
2021.4583 10.8400
2021.5417 12.1900
2021.6250 11.0400
2021.7083 10.6000
2021.7917 10.5000
2021.8750 10.8400
2021.9583 13.4200
2022.0417 12.0200
2022.1250 12.9800
2022.2083 14.2400
2022.2917 11.8800
2022.3750 15.7200
2022.4583 13.3500
2022.5417 13.0300
2022.6250 13.2200
2022.7083 11.3600
2022.7917 11.5400
2022.8750 12.4800
2022.9583 14.1600
2023.0417 14.3600
2023.1250 13.4200
2023.2083 12.5100
2023.2917 11.8700
2023.3750 11.6700
2023.4583 11.5600
2023.5417 12.1700
2023.6250 11.1100
2023.7083 11.0800
2023.7917 10.8400
2023.8750 11.3400
2023.9583 10.7300
2024.0417 9.1100
2024.1250 9.1900
2024.2083 8.5100
2024.2917 8.1100
2024.3750 8.1500
2024.4583 6.9200
2024.5417 7.1300
2024.6250 6.7300
2024.7083 8.0100
2024.7917 10.3700
2024.8750 9.3100
2024.9583 8.6300
2025.0417 9.1600
2025.1250 8.7400
2025.2083 8.3800
2025.2917 9.2100
2025.3750 9.0600
2025.4583 9.1700
2025.5417 9.3500
2025.6250 9.2100
2025.7083 8.9100
2025.7917 9.0100
2025.8750 9.2800
2025.9583 8.7200
2026.0417 10.2900
2026.1250 9.4500
2026.2083 8.5300
2026.2917 8.7900
2026.3750 7.4800
2026.4583 6.2500
2026.5417 6.7800
2026.6250 12.6900
2026.7083 15.8500
