x y
2021.0417 4.8200
2021.1250 5.1800
2021.2083 5.6000
2021.2917 5.2400
2021.3750 6.0700
2021.4583 5.7200
2021.5417 6.0800
2021.6250 6.1400
2021.7083 6.4000
2021.7917 6.4000
2021.8750 6.4000
2021.9583 6.4900
2022.0417 6.4600
2022.1250 6.3300
2022.2083 7.0500
2022.2917 6.1200
2022.3750 6.7700
2022.4583 7.2000
2022.5417 7.0300
2022.6250 7.0700
2022.7083 6.0300
2022.7917 5.7100
2022.8750 6.7800
2022.9583 8.2900
2023.0417 7.4600
2023.1250 7.5100
2023.2083 7.2400
2023.2917 7.0000
2023.3750 6.6800
2023.4583 6.3300
2023.5417 6.7300
2023.6250 6.5300
2023.7083 6.2200
2023.7917 6.2800
2023.8750 6.7400
2023.9583 6.3100
2024.0417 5.1600
2024.1250 4.8300
2024.2083 5.2700
2024.2917 4.6700
2024.3750 4.3900
2024.4583 3.6400
2024.5417 3.6700
2024.6250 3.4000
2024.7083 4.1400
2024.7917 4.0400
2024.8750 4.5200
2024.9583 4.3800
2025.0417 4.0500
2025.1250 4.6400
2025.2083 6.3300
2025.2917 5.0900
2025.3750 5.0500
2025.4583 4.9200
2025.5417 5.2000
2025.6250 5.2000
2025.7083 4.8100
2025.7917 5.0900
2025.8750 5.8700
2025.9583 5.9500
2026.0417 6.3900
2026.1250 6.1000
2026.2083 5.7700
2026.2917 3.8100
2026.3750 3.2100
2026.4583 2.5500
2026.5417 2.6300
2026.6250 2.7900
2026.7083 2.6900
