x y
2021.0417 17.1900
2021.1250 18.2000
2021.2083 18.2100
2021.2917 18.6500
2021.3750 18.6900
2021.4583 18.4200
2021.5417 19.5800
2021.6250 22.2900
2021.7083 17.5200
2021.7917 17.2100
2021.8750 18.5100
2021.9583 19.5500
2022.0417 25.7800
2022.1250 23.6100
2022.2083 22.0000
2022.2917 15.3000
2022.3750 19.4000
2022.4583 21.3300
2022.5417 21.0800
2022.6250 24.4500
2022.7083 23.3500
2022.7917 26.8300
2022.8750 27.8500
2022.9583 29.9500
2023.0417 32.3400
2023.1250 37.6000
2023.2083 31.5000
2023.2917 33.6000
2023.3750 34.1700
2023.4583 28.6700
2023.5417 26.6000
2023.6250 29.3900
2023.7083 27.9000
2023.7917 27.6600
2023.8750 28.0900
2023.9583 24.0200
2024.0417 18.9700
2024.1250 17.6800
2024.2083 17.1800
2024.2917 16.0800
2024.3750 16.5500
2024.4583 13.2300
2024.5417 12.2100
2024.6250 10.7800
2024.7083 13.0100
2024.7917 13.0500
2024.8750 13.1300
2024.9583 13.5300
2025.0417 13.0600
2025.1250 13.2900
2025.2083 12.4200
2025.2917 15.6000
2025.3750 14.2200
2025.4583 16.9100
2025.5417 19.8200
2025.6250 22.6000
2025.7083 20.0900
2025.7917 19.9200
2025.8750 17.2800
2025.9583 16.0100
2026.0417 19.2700
2026.1250 21.7700
2026.2083 23.6800
2026.2917 25.4800
2026.3750 25.3300
2026.4583 30.2500
2026.5417 18.3800
2026.6250 19.8300
2026.7083 22.8700
