x y
2021.0417 7.6800
2021.1250 8.3300
2021.2083 8.7500
2021.2917 7.5600
2021.3750 7.6400
2021.4583 7.5700
2021.5417 7.3800
2021.6250 7.2500
2021.7083 8.1300
2021.7917 7.7100
2021.8750 7.8000
2021.9583 8.3700
2022.0417 7.3300
2022.1250 7.7900
2022.2083 8.4600
2022.2917 7.7900
2022.3750 10.1100
2022.4583 8.4800
2022.5417 8.3700
2022.6250 9.0900
2022.7083 7.9300
2022.7917 7.5800
2022.8750 8.5900
2022.9583 8.6700
2023.0417 8.6800
2023.1250 8.8600
2023.2083 8.2200
2023.2917 7.9100
2023.3750 7.4000
2023.4583 7.7700
2023.5417 8.2500
2023.6250 8.0800
2023.7083 7.8300
2023.7917 7.4100
2023.8750 7.5900
2023.9583 7.4100
2024.0417 6.4500
2024.1250 6.6500
2024.2083 6.4000
2024.2917 6.2600
2024.3750 6.2300
2024.4583 5.5900
2024.5417 5.8000
2024.6250 5.8600
2024.7083 6.7800
2024.7917 6.7200
2024.8750 7.1300
2024.9583 6.3900
2025.0417 6.3600
2025.1250 6.2900
2025.2083 6.5200
2025.2917 6.7300
2025.3750 6.8700
2025.4583 7.2400
2025.5417 7.0400
2025.6250 7.0900
2025.7083 6.6900
2025.7917 7.0300
2025.8750 7.3100
2025.9583 7.1500
2026.0417 7.9300
2026.1250 7.8900
2026.2083 7.3100
2026.2917 7.6200
2026.3750 6.3500
2026.4583 5.4000
2026.5417 5.9000
2026.6250 7.3400
2026.7083 7.6200
