x y
2021.0417 10.8500
2021.1250 13.4700
2021.2083 16.0400
2021.2917 16.6300
2021.3750 13.8800
2021.4583 11.8800
2021.5417 9.9900
2021.6250 11.6900
2021.7083 12.2800
2021.7917 15.0300
2021.8750 12.2600
2021.9583 15.5000
2022.0417 17.9000
2022.1250 22.0900
2022.2083 25.6600
2022.2917 18.3500
2022.3750 20.0000
2022.4583 23.9800
2022.5417 32.5800
2022.6250 30.2600
2022.7083 24.0800
2022.7917 19.1500
2022.8750 20.4800
2022.9583 24.3900
2023.0417 25.5800
2023.1250 25.0800
2023.2083 30.3300
2023.2917 30.0300
2023.3750 27.6400
2023.4583 33.3500
2023.5417 32.2700
2023.6250 26.3200
2023.7083 27.4700
2023.7917 32.5800
2023.8750 33.3500
2023.9583 37.4700
2024.0417 30.6000
2024.1250 33.8700
2024.2083 36.5600
2024.2917 34.8200
2024.3750 33.0300
2024.4583 28.7000
2024.5417 21.9200
2024.6250 17.8700
2024.7083 21.6000
2024.7917 19.6100
2024.8750 19.3700
2024.9583 17.7500
2025.0417 16.7500
2025.1250 17.2600
2025.2083 19.3700
2025.2917 20.0400
2025.3750 21.8500
2025.4583 20.5800
2025.5417 20.6900
2025.6250 21.1500
2025.7083 20.2900
2025.7917 18.3500
2025.8750 17.6700
2025.9583 17.2100
2026.0417 17.6000
2026.1250 17.7400
2026.2083 15.7200
2026.2917 18.8100
2026.3750 15.8600
2026.4583 14.8000
2026.5417 14.5900
2026.6250 15.2400
2026.7083 13.8900
