x y
2021.0417 5.8000
2021.1250 6.3900
2021.2083 6.9200
2021.2917 6.6600
2021.3750 7.4900
2021.4583 8.8300
2021.5417 10.6600
2021.6250 9.4300
2021.7083 9.4600
2021.7917 8.9800
2021.8750 8.6500
2021.9583 9.4500
2022.0417 7.8600
2022.1250 10.7000
2022.2083 9.8400
2022.2917 9.0300
2022.3750 10.5300
2022.4583 10.6600
2022.5417 11.4000
2022.6250 9.7500
2022.7083 8.7300
2022.7917 8.1500
2022.8750 8.9500
2022.9583 8.4100
2023.0417 8.9200
2023.1250 8.9700
2023.2083 8.4900
2023.2917 9.3400
2023.3750 8.6600
2023.4583 9.0300
2023.5417 9.6900
2023.6250 9.6300
2023.7083 9.6600
2023.7917 9.1900
2023.8750 9.1300
2023.9583 8.6900
2024.0417 7.6700
2024.1250 7.9400
2024.2083 8.4300
2024.2917 8.5700
2024.3750 8.6000
2024.4583 7.2400
2024.5417 7.2000
2024.6250 6.7100
2024.7083 7.8300
2024.7917 7.3400
2024.8750 7.7400
2024.9583 7.2900
2025.0417 6.9800
2025.1250 7.0300
2025.2083 7.0300
2025.2917 7.4200
2025.3750 7.4700
2025.4583 7.6300
2025.5417 7.9100
2025.6250 8.5100
2025.7083 8.2100
2025.7917 8.8100
2025.8750 8.9100
2025.9583 9.2300
2026.0417 10.8600
2026.1250 11.3700
2026.2083 11.5000
2026.2917 12.9500
2026.3750 9.8900
2026.4583 8.6400
2026.5417 9.2800
2026.6250 11.4300
2026.7083 10.0300
