x y
2021.0417 2.9400
2021.1250 2.8400
2021.2083 2.7200
2021.2917 2.6800
2021.3750 2.8300
2021.4583 2.8300
2021.5417 3.1300
2021.6250 3.1600
2021.7083 3.2900
2021.7917 3.0400
2021.8750 3.3400
2021.9583 3.5300
2022.0417 3.1800
2022.1250 3.5500
2022.2083 3.8700
2022.2917 3.1900
2022.3750 3.9300
2022.4583 3.5000
2022.5417 3.4300
2022.6250 3.5000
2022.7083 3.0400
2022.7917 3.0000
2022.8750 3.2000
2022.9583 3.1400
2023.0417 3.1900
2023.1250 3.2500
2023.2083 3.0900
2023.2917 3.1300
2023.3750 3.0500
2023.4583 3.0200
2023.5417 3.2700
2023.6250 3.1600
2023.7083 3.0700
2023.7917 3.0000
2023.8750 2.9700
2023.9583 2.7800
2024.0417 2.5600
2024.1250 2.7300
2024.2083 2.7200
2024.2917 2.6700
2024.3750 2.6100
2024.4583 2.3700
2024.5417 2.4600
2024.6250 2.4400
2024.7083 2.8100
2024.7917 2.8600
2024.8750 3.0500
2024.9583 2.9300
2025.0417 2.8000
2025.1250 2.8500
2025.2083 2.7400
2025.2917 2.8300
2025.3750 2.9100
2025.4583 2.9600
2025.5417 2.9900
2025.6250 3.0000
2025.7083 2.9200
2025.7917 3.1000
2025.8750 3.1100
2025.9583 3.1500
2026.0417 3.7400
2026.1250 3.9700
2026.2083 4.5500
2026.2917 4.3400
2026.3750 3.4700
2026.4583 2.9600
2026.5417 3.0200
2026.6250 3.7000
2026.7083 4.1300
