x y
2021.0417 5.0900
2021.1250 5.6900
2021.2083 4.8100
2021.2917 4.4700
2021.3750 4.6000
2021.4583 4.4100
2021.5417 4.9700
2021.6250 4.7000
2021.7083 4.6700
2021.7917 4.7600
2021.8750 5.0000
2021.9583 5.2800
2022.0417 5.0100
2022.1250 5.3100
2022.2083 8.5600
2022.2917 7.9600
2022.3750 15.8400
2022.4583 11.8800
2022.5417 10.6700
2022.6250 11.3300
2022.7083 9.2100
2022.7917 9.7800
2022.8750 10.3800
2022.9583 10.2400
2023.0417 11.0700
2023.1250 10.6800
2023.2083 9.8900
2023.2917 8.9100
2023.3750 8.8500
2023.4583 8.6100
2023.5417 9.8400
2023.6250 8.7200
2023.7083 8.2400
2023.7917 7.7800
2023.8750 7.8800
2023.9583 7.4500
2024.0417 6.3500
2024.1250 7.8600
2024.2083 7.0200
2024.2917 6.7600
2024.3750 6.2800
2024.4583 5.5900
2024.5417 5.6200
2024.6250 5.3900
2024.7083 6.3900
2024.7917 6.6600
2024.8750 6.9200
2024.9583 6.7500
2025.0417 6.5800
2025.1250 6.5700
2025.2083 6.1600
2025.2917 6.3800
2025.3750 6.2500
2025.4583 6.2600
2025.5417 6.3800
2025.6250 6.4600
2025.7083 6.2300
2025.7917 6.4300
2025.8750 6.6000
2025.9583 6.4400
2026.0417 8.8300
2026.1250 8.0000
2026.2083 7.8500
2026.2917 7.1200
2026.3750 6.0600
2026.4583 5.2400
2026.5417 5.6400
2026.6250 7.1800
2026.7083 6.8000
