x y
2021.0417 9.2300
2021.1250 9.4800
2021.2083 9.4000
2021.2917 8.9500
2021.3750 9.9400
2021.4583 9.2500
2021.5417 8.6300
2021.6250 10.3200
2021.7083 11.4500
2021.7917 9.6600
2021.8750 10.0400
2021.9583 11.5200
2022.0417 10.4100
2022.1250 11.7500
2022.2083 12.9300
2022.2917 9.1200
2022.3750 10.5400
2022.4583 9.8300
2022.5417 9.5300
2022.6250 9.9000
2022.7083 8.8600
2022.7917 8.9100
2022.8750 9.7900
2022.9583 10.7300
2023.0417 10.3800
2023.1250 10.6500
2023.2083 10.8600
2023.2917 11.1700
2023.3750 9.5900
2023.4583 9.5300
2023.5417 10.0600
2023.6250 9.5900
2023.7083 9.3700
2023.7917 9.6800
2023.8750 10.4700
2023.9583 10.6900
2024.0417 10.9000
2024.1250 8.0200
2024.2083 9.1300
2024.2917 9.1500
2024.3750 9.1200
2024.4583 8.2300
2024.5417 8.1000
2024.6250 7.6200
2024.7083 8.8000
2024.7917 9.2200
2024.8750 9.7800
2024.9583 10.1400
2025.0417 9.3600
2025.1250 8.8800
2025.2083 9.4500
2025.2917 9.6400
2025.3750 10.0400
2025.4583 10.4400
2025.5417 10.8700
2025.6250 11.2600
2025.7083 11.1000
2025.7917 11.4300
2025.8750 12.4100
2025.9583 11.3600
2026.0417 12.3000
2026.1250 12.4600
2026.2083 10.7800
2026.2917 10.4600
2026.3750 9.0900
2026.4583 7.7800
2026.5417 8.1000
2026.6250 9.2300
2026.7083 9.2000
