x y
2021.0417 10.1100
2021.1250 9.5000
2021.2083 9.3000
2021.2917 9.4100
2021.3750 7.4800
2021.4583 7.1600
2021.5417 6.3900
2021.6250 6.4300
2021.7083 6.9000
2021.7917 8.0700
2021.8750 7.8200
2021.9583 7.8100
2022.0417 7.0000
2022.1250 7.5500
2022.2083 7.6100
2022.2917 6.0600
2022.3750 6.6200
2022.4583 6.3900
2022.5417 6.3600
2022.6250 6.8500
2022.7083 5.9900
2022.7917 6.1400
2022.8750 6.5800
2022.9583 6.9600
2023.0417 6.5900
2023.1250 7.0300
2023.2083 6.5300
2023.2917 6.3500
2023.3750 6.2600
2023.4583 5.0300
2023.5417 5.4200
2023.6250 5.1100
2023.7083 5.1000
2023.7917 4.9600
2023.8750 5.3200
2023.9583 5.1100
2024.0417 4.4200
2024.1250 3.9300
2024.2083 4.1800
2024.2917 3.7000
2024.3750 3.5700
2024.4583 3.0100
2024.5417 3.1800
2024.6250 3.2700
2024.7083 3.9900
2024.7917 5.2500
2024.8750 4.9700
2024.9583 4.2700
2025.0417 4.4100
2025.1250 4.9100
2025.2083 4.5100
2025.2917 5.2000
2025.3750 5.9000
2025.4583 6.0400
2025.5417 7.2900
2025.6250 8.6700
2025.7083 9.3500
2025.7917 9.4300
2025.8750 9.5300
2025.9583 8.5600
2026.0417 9.3000
2026.1250 9.9200
2026.2083 8.5500
2026.2917 11.7500
2026.3750 9.7900
2026.4583 7.9200
2026.5417 9.7700
2026.6250 9.2800
2026.7083 10.3000
