x y
2021.0417 5.4500
2021.1250 5.4800
2021.2083 5.4300
2021.2917 5.1700
2021.3750 5.4500
2021.4583 5.0900
2021.5417 4.7400
2021.6250 4.9000
2021.7083 5.0500
2021.7917 5.2400
2021.8750 5.2900
2021.9583 5.2800
2022.0417 4.8300
2022.1250 5.0100
2022.2083 4.8500
2022.2917 4.4600
2022.3750 4.7000
2022.4583 4.7800
2022.5417 4.4900
2022.6250 4.4800
2022.7083 4.2700
2022.7917 4.0400
2022.8750 4.4200
2022.9583 4.3800
2023.0417 4.5800
2023.1250 4.6100
2023.2083 4.6800
2023.2917 4.6600
2023.3750 4.5000
2023.4583 4.4800
2023.5417 4.7100
2023.6250 4.5300
2023.7083 4.5700
2023.7917 4.4800
2023.8750 4.3600
2023.9583 4.2400
2024.0417 4.1100
2024.1250 4.4700
2024.2083 5.0900
2024.2917 4.6300
2024.3750 5.0800
2024.4583 4.5500
2024.5417 4.3800
2024.6250 4.7800
2024.7083 5.9200
2024.7917 5.8800
2024.8750 5.7300
2024.9583 5.4100
2025.0417 5.1700
2025.1250 5.1500
2025.2083 5.0000
2025.2917 4.5000
2025.3750 4.5600
2025.4583 4.7200
2025.5417 4.9100
2025.6250 5.2100
2025.7083 5.4000
2025.7917 5.6400
2025.8750 6.0900
2025.9583 5.8500
2026.0417 7.3400
2026.1250 7.6800
2026.2083 6.2900
2026.2917 7.1900
2026.3750 6.3800
2026.4583 4.9200
2026.5417 4.9700
2026.6250 6.4900
2026.7083 6.4800
