x y
2021.0417 17.2700
2021.1250 16.0100
2021.2083 15.2800
2021.2917 15.3700
2021.3750 17.1200
2021.4583 16.7700
2021.5417 20.2600
2021.6250 23.7000
2021.7083 20.7900
2021.7917 19.0800
2021.8750 18.7500
2021.9583 21.3700
2022.0417 19.3400
2022.1250 17.6300
2022.2083 16.5400
2022.2917 15.8700
2022.3750 16.2900
2022.4583 13.3000
2022.5417 15.6300
2022.6250 15.6400
2022.7083 14.4600
2022.7917 14.7500
2022.8750 15.3600
2022.9583 15.2000
2023.0417 15.3500
2023.1250 16.7700
2023.2083 15.9600
2023.2917 15.9200
2023.3750 16.1900
2023.4583 16.3600
2023.5417 16.5500
2023.6250 16.9200
2023.7083 17.0200
2023.7917 16.9700
2023.8750 18.0600
2023.9583 18.1400
2024.0417 16.8600
2024.1250 16.5700
2024.2083 16.6600
2024.2917 17.3800
2024.3750 18.1700
2024.4583 13.6300
2024.5417 14.1100
2024.6250 13.5000
2024.7083 15.4400
2024.7917 16.3000
2024.8750 17.7200
2024.9583 17.5000
2025.0417 16.6400
2025.1250 15.7100
2025.2083 14.8300
2025.2917 15.7500
2025.3750 16.9900
2025.4583 17.6900
2025.5417 18.2700
2025.6250 21.4000
2025.7083 24.1000
2025.7917 20.0000
2025.8750 20.3800
2025.9583 20.0900
2026.0417 20.1600
2026.1250 20.2800
2026.2083 20.8700
2026.2917 22.0200
2026.3750 24.4500
2026.4583 22.3500
2026.5417 21.3900
2026.6250 23.1000
2026.7083 23.4100
