x y
2022.7083 17.2300
2022.7917 16.6200
2022.8750 19.2700
2022.9583 17.9100
2023.0417 18.8800
2023.1250 18.8700
2023.2083 16.5300
2023.2917 15.7900
2023.3750 15.6500
2023.4583 15.1200
2023.5417 15.8700
2023.6250 15.0700
2023.7083 14.6300
2023.7917 14.4600
2023.8750 15.2200
2023.9583 14.7700
2024.0417 12.1200
2024.1250 11.9000
2024.2083 11.5800
2024.2917 11.9500
2024.3750 11.8900
2024.4583 10.5200
2024.5417 10.4400
2024.6250 10.2800
2024.7083 12.0500
2024.7917 11.6800
2024.8750 12.5300
2024.9583 11.5100
2025.0417 11.9800
2025.1250 11.9700
2025.2083 11.8900
2025.2917 12.7600
2025.3750 12.9700
2025.4583 13.3000
2025.5417 14.1200
2025.6250 13.9500
2025.7083 14.0400
2025.7917 15.0300
2025.8750 16.1000
2025.9583 15.8200
2026.0417 16.2800
2026.1250 16.3000
2026.2083 16.2400
2026.2917 15.0500
2026.3750 13.2000
2026.4583 11.4000
2026.5417 11.7500
2026.6250 13.9000
2026.7083 13.5200
