x y
2021.0417 8.9100
2021.1250 9.2500
2021.2083 8.9600
2021.2917 9.9500
2021.3750 10.6900
2021.4583 14.0300
2021.5417 13.3600
2021.6250 12.8300
2021.7083 12.5400
2021.7917 13.6000
2021.8750 13.5900
2021.9583 12.7800
2022.0417 13.3400
2022.1250 15.1700
2022.2083 9.1400
2022.2917 7.3400
2022.3750 7.9200
2022.4583 8.6400
2022.5417 8.1500
2022.6250 8.0100
2022.7083 6.7200
2022.7917 7.0200
2022.8750 7.6900
2022.9583 6.8800
2023.0417 7.8800
2023.1250 9.2700
2023.2083 9.2300
2023.2917 7.0400
2023.3750 6.5600
2023.4583 6.7900
2023.5417 7.2000
2023.6250 6.9500
2023.7083 6.9000
2023.7917 6.8500
2023.8750 7.4800
2023.9583 7.6900
2024.0417 6.7900
2024.1250 5.5600
2024.2083 6.6500
2024.2917 6.3600
2024.3750 7.0300
2024.4583 6.0600
2024.5417 6.2400
2024.6250 5.4300
2024.7083 6.0400
2024.7917 6.4600
2024.8750 6.4900
2024.9583 8.0500
2025.0417 7.7900
2025.1250 7.2000
2025.2083 7.2400
2025.2917 6.9800
2025.3750 6.9300
2025.4583 7.2500
2025.5417 7.4600
2025.6250 8.2600
2025.7083 8.8600
2025.7917 9.1600
2025.8750 8.8500
2025.9583 7.8400
2026.0417 7.8300
2026.1250 7.9000
2026.2083 6.7400
2026.2917 7.5400
2026.3750 6.5900
2026.4583 5.7900
2026.5417 5.5700
2026.6250 6.6200
2026.7083 5.9300
