x y
2021.0417 5.0200
2021.1250 5.0500
2021.2083 4.7100
2021.2917 5.6300
2021.3750 7.4400
2021.4583 7.2400
2021.5417 6.0000
2021.6250 6.5700
2021.7083 7.1800
2021.7917 5.7900
2021.8750 6.0900
2021.9583 7.3500
2022.0417 5.8700
2022.1250 5.8600
2022.2083 6.7400
2022.2917 5.1800
2022.3750 5.7800
2022.4583 5.5600
2022.5417 5.4600
2022.6250 5.4700
2022.7083 4.6200
2022.7917 4.5000
2022.8750 5.1000
2022.9583 5.9900
2023.0417 5.4000
2023.1250 5.9200
2023.2083 5.4500
2023.2917 4.8900
2023.3750 4.7400
2023.4583 6.1800
2023.5417 6.5300
2023.6250 9.2300
2023.7083 7.7100
2023.7917 6.5900
2023.8750 7.5900
2023.9583 6.1700
2024.0417 5.0800
2024.1250 4.9900
2024.2083 7.0000
2024.2917 5.7300
2024.3750 5.2400
2024.4583 4.5100
2024.5417 4.3600
2024.6250 4.2900
2024.7083 5.2100
2024.7917 5.1300
2024.8750 5.5100
2024.9583 4.7200
2025.0417 4.7400
2025.1250 4.7300
2025.2083 4.7500
2025.2917 4.7100
2025.3750 5.0200
2025.4583 5.1600
2025.5417 5.3400
2025.6250 5.5000
2025.7083 5.3100
2025.7917 5.7300
2025.8750 6.0500
2025.9583 6.2800
2026.0417 7.3900
2026.1250 7.3100
2026.2083 6.5600
2026.2917 6.1000
2026.3750 5.5100
2026.4583 4.3300
2026.5417 5.1500
2026.6250 5.7700
2026.7083 5.4800
