x y
2021.0417 9.1900
2021.1250 10.4600
2021.2083 9.5300
2021.2917 9.4400
2021.3750 9.9500
2021.4583 10.0100
2021.5417 8.7400
2021.6250 9.6400
2021.7083 9.1100
2021.7917 9.7300
2021.8750 9.5100
2021.9583 9.4000
2022.0417 8.2400
2022.1250 8.4500
2022.2083 8.5200
2022.2917 7.1700
2022.3750 8.2900
2022.4583 7.5200
2022.5417 7.3600
2022.6250 7.5800
2022.7083 7.0300
2022.7917 6.6200
2022.8750 7.1100
2022.9583 6.9400
2023.0417 7.2300
2023.1250 7.3900
2023.2083 8.0800
2023.2917 8.7000
2023.3750 8.0900
2023.4583 8.0500
2023.5417 8.3600
2023.6250 8.6000
2023.7083 8.2500
2023.7917 8.5700
2023.8750 8.7500
2023.9583 8.2400
2024.0417 8.4600
2024.1250 9.1700
2024.2083 9.6000
2024.2917 10.0600
2024.3750 10.2100
2024.4583 9.5900
2024.5417 8.7700
2024.6250 8.2500
2024.7083 10.2700
2024.7917 9.7700
2024.8750 9.8400
2024.9583 10.2100
2025.0417 9.5300
2025.1250 9.3000
2025.2083 9.6000
2025.2917 9.2900
2025.3750 9.3000
2025.4583 9.4500
2025.5417 9.7900
2025.6250 16.1700
2025.7083 15.9500
2025.7917 15.6300
2025.8750 17.1600
2025.9583 17.2100
2026.0417 17.7400
2026.1250 15.7200
2026.2083 14.1200
2026.2917 15.0500
2026.3750 12.9000
2026.4583 12.3300
2026.5417 12.5500
2026.6250 15.0400
2026.7083 14.7500
