x y
2022.7917 17.8200
2022.8750 22.7300
2022.9583 21.0400
2023.0417 20.8400
2023.1250 20.7800
2023.2083 19.7200
2023.2917 18.1200
2023.3750 17.4100
2023.4583 16.3400
2023.5417 17.2800
2023.6250 16.3500
2023.7083 15.8600
2023.7917 15.0300
2023.8750 15.3800
2023.9583 15.0900
2024.0417 12.0800
2024.1250 10.7100
2024.2083 13.2600
2024.2917 13.4500
2024.3750 13.1200
2024.4583 11.5400
2024.5417 10.2100
2024.6250 9.0800
2024.7083 10.6100
2024.7917 10.7200
2024.8750 11.6600
2024.9583 10.0100
2025.0417 10.8700
2025.1250 10.9600
2025.2083 12.3000
2025.2917 13.6100
2025.3750 15.0000
2025.4583 20.2000
2025.5417 24.3300
2025.6250 24.0300
2025.7083 25.3700
2025.7917 25.7400
2025.8750 18.8000
2025.9583 18.0200
2026.0417 19.9100
2026.1250 19.2000
2026.2083 16.3700
2026.2917 15.7900
2026.3750 13.3200
2026.4583 10.9900
2026.5417 12.0600
2026.6250 16.7900
2026.7083 18.3200
