x y
2021.0417 4.8200
2021.1250 3.5900
2021.2083 3.6900
2021.2917 2.8000
2021.3750 2.7200
2021.4583 3.5000
2021.5417 2.7200
2021.6250 2.9200
2021.7083 3.4700
2021.7917 3.2600
2021.8750 4.1300
2021.9583 3.5900
2022.0417 3.4400
2022.1250 3.8400
2022.2083 4.6600
2022.2917 4.9400
2022.3750 5.7500
2022.4583 5.1900
2022.5417 5.7500
2022.6250 7.6800
2022.7083 6.1500
2022.7917 5.6500
2022.8750 5.7600
2022.9583 5.2100
2023.0417 5.6700
2023.1250 5.8900
2023.2083 5.7400
2023.2917 5.8400
2023.3750 5.6400
2023.4583 5.7200
2023.5417 6.3700
2023.6250 6.4400
2023.7083 6.0200
2023.7917 6.4500
2023.8750 6.6100
2023.9583 6.1900
2024.0417 5.2800
2024.1250 5.8400
2024.2083 5.2500
2024.2917 5.3100
2024.3750 4.9600
2024.4583 4.8200
2024.5417 5.0300
2024.6250 4.8100
2024.7083 5.9700
2024.7917 6.1100
2024.8750 6.2000
2024.9583 6.9200
2025.0417 8.2900
2025.1250 8.0300
2025.2083 7.3000
2025.2917 7.2100
2025.3750 7.3600
2025.4583 7.3400
2025.5417 7.7200
2025.6250 8.8100
2025.7083 7.8900
2025.7917 8.7300
2025.8750 11.5400
2025.9583 12.8500
2026.0417 13.8600
2026.1250 13.2600
2026.2083 12.1100
2026.2917 12.7000
2026.3750 10.6800
2026.4583 9.1000
2026.5417 9.8600
2026.6250 10.8000
2026.7083 9.0600
