x y
2021.0417 13.4000
2021.1250 14.7000
2021.2083 13.8700
2021.2917 12.6100
2021.3750 10.5000
2021.4583 10.3000
2021.5417 8.0200
2021.6250 8.1300
2021.7083 8.4900
2021.7917 10.2000
2021.8750 10.4700
2021.9583 12.7000
2022.0417 16.8300
2022.1250 17.4000
2022.2083 23.8000
2022.2917 16.5800
2022.3750 15.6800
2022.4583 18.5100
2022.5417 22.9200
2022.6250 20.2900
2022.7083 15.9200
2022.7917 12.7000
2022.8750 13.2500
2022.9583 12.8900
2023.0417 13.7100
2023.1250 13.1300
2023.2083 12.5600
2023.2917 9.8800
2023.3750 8.6100
2023.4583 9.1700
2023.5417 10.0300
2023.6250 8.7200
2023.7083 8.1600
2023.7917 8.0100
2023.8750 8.1900
2023.9583 6.0700
2024.0417 4.4700
2024.1250 4.2200
2024.2083 5.7000
2024.2917 3.6400
2024.3750 4.6300
2024.4583 3.7200
2024.5417 3.8200
2024.6250 3.6400
2024.7083 3.5500
2024.7917 3.3200
2024.8750 3.7000
2024.9583 3.5400
2025.0417 3.2600
2025.1250 3.2100
2025.2083 3.4600
2025.2917 3.7300
2025.3750 3.7500
2025.4583 3.6000
2025.5417 3.7900
2025.6250 4.6000
2025.7083 4.8000
2025.7917 5.1100
2025.8750 4.9100
2025.9583 4.6100
2026.0417 4.3600
2026.1250 4.2300
2026.2083 3.8700
2026.2917 3.3900
2026.3750 3.2300
2026.4583 2.6800
2026.5417 2.8100
2026.6250 2.9600
2026.7083 2.8000
