x y
2021.0417 22.3100
2021.1250 20.9800
2021.2083 20.3900
2021.2917 22.2300
2021.3750 24.9100
2021.4583 22.8000
2021.5417 19.7000
2021.6250 18.4300
2021.7083 19.3000
2021.7917 18.1400
2021.8750 18.9600
2021.9583 22.1000
2022.0417 23.9000
2022.1250 28.7900
2022.2083 27.6300
2022.2917 20.3200
2022.3750 24.4300
2022.4583 26.7300
2022.5417 27.9100
2022.6250 29.8400
2022.7083 28.3200
2022.7917 27.3900
2022.8750 27.4200
2022.9583 27.3600
2023.0417 28.3900
2023.1250 31.8900
2023.2083 28.4200
2023.2917 26.5800
2023.3750 24.1700
2023.4583 23.2500
2023.5417 23.8300
2023.6250 22.0000
2023.7083 21.3100
2023.7917 20.4800
2023.8750 21.0400
2023.9583 22.6500
2024.0417 15.4100
2024.1250 16.7000
2024.2083 17.4500
2024.2917 17.4300
2024.3750 16.9500
2024.4583 13.5800
2024.5417 12.7500
2024.6250 12.3300
2024.7083 14.1200
2024.7917 12.8800
2024.8750 13.4000
2024.9583 12.7600
2025.0417 12.3600
2025.1250 11.8800
2025.2083 11.9600
2025.2917 13.5400
2025.3750 14.6500
2025.4583 13.6100
2025.5417 14.8100
2025.6250 14.7800
2025.7083 13.7400
2025.7917 13.9900
2025.8750 13.4500
2025.9583 12.4300
2026.0417 13.8800
2026.1250 14.2400
2026.2083 12.3600
2026.2917 11.9700
2026.3750 10.6200
2026.4583 9.7900
2026.5417 10.3900
2026.6250 10.4300
2026.7083 10.1900
