x y
2021.0417 4.4400
2021.1250 4.1400
2021.2083 3.9500
2021.2917 4.3700
2021.3750 4.7000
2021.4583 6.1800
2021.5417 6.7800
2021.6250 5.6100
2021.7083 5.9300
2021.7917 6.2200
2021.8750 6.0700
2021.9583 6.5900
2022.0417 5.5600
2022.1250 5.9800
2022.2083 6.3800
2022.2917 5.2900
2022.3750 7.3400
2022.4583 6.8300
2022.5417 6.1300
2022.6250 6.4300
2022.7083 5.6000
2022.7917 5.5700
2022.8750 6.8300
2022.9583 7.8500
2023.0417 8.3000
2023.1250 7.7800
2023.2083 7.0600
2023.2917 6.6900
2023.3750 6.6100
2023.4583 6.4700
2023.5417 7.0900
2023.6250 6.5300
2023.7083 6.2200
2023.7917 6.0300
2023.8750 6.4000
2023.9583 6.0000
2024.0417 5.8400
2024.1250 6.0200
2024.2083 5.7400
2024.2917 5.4500
2024.3750 5.2600
2024.4583 4.7700
2024.5417 4.7700
2024.6250 4.7300
2024.7083 5.5500
2024.7917 5.7700
2024.8750 6.2100
2024.9583 5.9200
2025.0417 5.8500
2025.1250 5.7000
2025.2083 5.5000
2025.2917 6.0500
2025.3750 6.1100
2025.4583 6.1900
2025.5417 6.6900
2025.6250 6.6200
2025.7083 6.1700
2025.7917 6.3600
2025.8750 6.5000
2025.9583 6.4700
2026.0417 7.9200
2026.1250 7.0500
2026.2083 6.6300
2026.2917 6.2600
2026.3750 5.4900
2026.4583 4.7600
2026.5417 5.9000
2026.6250 8.2900
2026.7083 9.5300
