x y
2023.9583 23.5200
2024.0417 17.9900
2024.1250 20.5000
2024.2083 19.3600
2024.2917 18.7500
2024.3750 19.0800
2024.4583 17.0400
2024.5417 16.2900
2024.6250 15.1700
2024.7083 17.1400
2024.7917 17.0800
2024.8750 17.3100
2024.9583 16.3700
2025.0417 16.1600
2025.1250 15.5500
2025.2083 15.3000
2025.2917 16.3300
2025.3750 16.6100
2025.4583 16.3800
2025.5417 16.9800
2025.6250 19.5900
2025.7083 18.7600
2025.7917 20.2900
2025.8750 19.6800
2025.9583 18.3200
2026.0417 19.9200
2026.1250 19.2200
2026.2083 17.2700
2026.2917 17.0900
2026.3750 16.1900
2026.4583 14.8000
2026.5417 14.7600
2026.6250 16.6800
2026.7083 17.1600
