x y
2021.0417 16.3700
2021.1250 16.7300
2021.2083 15.6500
2021.2917 15.1500
2021.3750 15.4400
2021.4583 14.9600
2021.5417 14.8500
2021.6250 14.5100
2021.7083 15.1500
2021.7917 13.7600
2021.8750 14.2600
2021.9583 14.5600
2022.0417 13.2800
2022.1250 14.7000
2022.2083 15.1400
2022.2917 14.0800
2022.3750 16.8000
2022.4583 14.7600
2022.5417 14.0300
2022.6250 14.6800
2022.7083 13.3100
2022.7917 13.8000
2022.8750 14.6000
2022.9583 13.7600
2023.0417 14.1200
2023.1250 14.2400
2023.2083 13.4200
2023.2917 13.5700
2023.3750 13.3700
2023.4583 13.3300
2023.5417 14.7000
2023.6250 13.4200
2023.7083 13.1600
2023.7917 12.7400
2023.8750 12.6200
2023.9583 11.9700
2024.0417 11.3800
2024.1250 12.4300
2024.2083 12.3100
2024.2917 13.0800
2024.3750 12.9800
2024.4583 12.4900
2024.5417 13.0700
2024.6250 12.8900
2024.7083 14.8600
2024.7917 15.4800
2024.8750 14.7400
2024.9583 14.7500
2025.0417 14.2300
2025.1250 13.6500
2025.2083 13.8400
2025.2917 15.0100
2025.3750 14.3800
2025.4583 14.4200
2025.5417 14.9400
2025.6250 14.8900
2025.7083 14.3700
2025.7917 14.4500
2025.8750 14.8400
2025.9583 14.9500
2026.0417 17.5000
2026.1250 16.0800
2026.2083 16.7000
2026.2917 16.7500
2026.3750 14.2500
2026.4583 10.8400
2026.5417 12.3500
2026.6250 12.9000
2026.7083 12.4900
